
SUMMARISING RUN PARAMETERS
==========================
Input filename: SRR29694808_1.fastq.gz
Trimming mode: paired-end
Trim Galore version: 0.6.10
Cutadapt version: 4.4
Number of cores used for trimming: 1
Quality Phred score cutoff: 30
Quality encoding type selected: ASCII+33
Using Illumina adapter for trimming (count: 262485). Second best hit was smallRNA (count: 15)
Adapter sequence: 'AGATCGGAAGAGC' (Illumina TruSeq, Sanger iPCR; auto-detected)
Maximum trimming error rate: 0.1 (default)
Minimum required adapter overlap (stringency): 1 bp
Minimum required sequence length for both reads before a sequence pair gets removed: 20 bp
Output file will be GZIP compressed


This is cutadapt 4.4 with Python 3.12.3
Command line parameters: -j 1 -e 0.1 -q 30 -O 1 -a AGATCGGAAGAGC SRR29694808_1.fastq.gz
Processing single-end reads on 1 core ...
Finished in 126.208 s (56.677 µs/read; 1.06 M reads/minute).

=== Summary ===

Total reads processed:               2,226,807
Reads with adapters:                 1,018,809 (45.8%)
Reads written (passing filters):     2,226,807 (100.0%)

Total basepairs processed:   556,701,750 bp
Quality-trimmed:               6,030,122 bp (1.1%)
Total written (filtered):    500,308,848 bp (89.9%)

=== Adapter 1 ===

Sequence: AGATCGGAAGAGC; Type: regular 3'; Length: 13; Trimmed: 1018809 times

Minimum overlap: 1
No. of allowed errors:
1-9 bp: 0; 10-13 bp: 1

Bases preceding removed adapters:
  A: 14.7%
  C: 40.7%
  G: 31.3%
  T: 13.1%
  none/other: 0.2%

Overview of removed sequences
length	count	expect	max.err	error counts
1	258055	556701.8	0	258055
2	79198	139175.4	0	79198
3	19990	34793.9	0	19990
4	9852	8698.5	0	9852
5	8323	2174.6	0	8323
6	6617	543.7	0	6617
7	6225	135.9	0	6225
8	7298	34.0	0	7298
9	4905	8.5	0	4844 61
10	5666	2.1	1	5470 196
11	6123	0.5	1	5889 234
12	5739	0.1	1	5557 182
13	6164	0.0	1	5919 245
14	5843	0.0	1	5635 208
15	6006	0.0	1	5741 265
16	5728	0.0	1	5496 232
17	6997	0.0	1	6672 325
18	5583	0.0	1	5378 205
19	5047	0.0	1	4874 173
20	6104	0.0	1	5894 210
21	5864	0.0	1	5639 225
22	5600	0.0	1	5368 232
23	6024	0.0	1	5803 221
24	5332	0.0	1	5121 211
25	5665	0.0	1	5484 181
26	5280	0.0	1	5114 166
27	5868	0.0	1	5674 194
28	6130	0.0	1	5920 210
29	5698	0.0	1	5523 175
30	5262	0.0	1	5125 137
31	5142	0.0	1	5007 135
32	5542	0.0	1	5367 175
33	5042	0.0	1	4871 171
34	5894	0.0	1	5693 201
35	5013	0.0	1	4852 161
36	5758	0.0	1	5576 182
37	5084	0.0	1	4895 189
38	6288	0.0	1	6050 238
39	6800	0.0	1	6614 186
40	4373	0.0	1	4187 186
41	5592	0.0	1	5359 233
42	6075	0.0	1	5889 186
43	8720	0.0	1	8439 281
44	5959	0.0	1	5757 202
45	11430	0.0	1	11212 218
46	1828	0.0	1	1746 82
47	2966	0.0	1	2879 87
48	5300	0.0	1	5166 134
49	5132	0.0	1	5016 116
50	3532	0.0	1	3399 133
51	6446	0.0	1	6255 191
52	5627	0.0	1	5499 128
53	3163	0.0	1	3073 90
54	3912	0.0	1	3774 138
55	6784	0.0	1	6654 130
56	5052	0.0	1	4917 135
57	6240	0.0	1	6125 115
58	7556	0.0	1	7414 142
59	5537	0.0	1	5424 113
60	2248	0.0	1	2193 55
61	3161	0.0	1	3064 97
62	6853	0.0	1	6742 111
63	3701	0.0	1	3630 71
64	4154	0.0	1	4074 80
65	2920	0.0	1	2830 90
66	6679	0.0	1	6564 115
67	3215	0.0	1	3151 64
68	3704	0.0	1	3644 60
69	1958	0.0	1	1905 53
70	1489	0.0	1	1467 22
71	57	0.0	1	48 9
72	200	0.0	1	185 15
73	1106	0.0	1	1071 35
74	2154	0.0	1	2097 57
75	2874	0.0	1	2808 66
76	3336	0.0	1	3254 82
77	3474	0.0	1	3391 83
78	3510	0.0	1	3436 74
79	3692	0.0	1	3583 109
80	3685	0.0	1	3603 82
81	3703	0.0	1	3625 78
82	3658	0.0	1	3553 105
83	3715	0.0	1	3605 110
84	3779	0.0	1	3687 92
85	3793	0.0	1	3692 101
86	3591	0.0	1	3480 111
87	3638	0.0	1	3544 94
88	3520	0.0	1	3426 94
89	3668	0.0	1	3574 94
90	3647	0.0	1	3555 92
91	3498	0.0	1	3397 101
92	3517	0.0	1	3404 113
93	3539	0.0	1	3443 96
94	3494	0.0	1	3392 102
95	3423	0.0	1	3329 94
96	3334	0.0	1	3242 92
97	3419	0.0	1	3322 97
98	3378	0.0	1	3305 73
99	3312	0.0	1	3228 84
100	3199	0.0	1	3120 79
101	3268	0.0	1	3193 75
102	3263	0.0	1	3181 82
103	3189	0.0	1	3115 74
104	3193	0.0	1	3112 81
105	3043	0.0	1	2981 62
106	3021	0.0	1	2935 86
107	3131	0.0	1	3041 90
108	3106	0.0	1	3037 69
109	3014	0.0	1	2926 88
110	2979	0.0	1	2929 50
111	2998	0.0	1	2939 59
112	2964	0.0	1	2897 67
113	2936	0.0	1	2872 64
114	2837	0.0	1	2769 68
115	2834	0.0	1	2762 72
116	2923	0.0	1	2859 64
117	2740	0.0	1	2670 70
118	2669	0.0	1	2608 61
119	2654	0.0	1	2595 59
120	2638	0.0	1	2585 53
121	2579	0.0	1	2508 71
122	2587	0.0	1	2525 62
123	2522	0.0	1	2461 61
124	2580	0.0	1	2515 65
125	2492	0.0	1	2433 59
126	2499	0.0	1	2450 49
127	2456	0.0	1	2412 44
128	2480	0.0	1	2419 61
129	2318	0.0	1	2277 41
130	2363	0.0	1	2317 46
131	2341	0.0	1	2277 64
132	2259	0.0	1	2192 67
133	2278	0.0	1	2227 51
134	2301	0.0	1	2238 63
135	2263	0.0	1	2206 57
136	2142	0.0	1	2091 51
137	2136	0.0	1	2075 61
138	2167	0.0	1	2114 53
139	2054	0.0	1	2011 43
140	2069	0.0	1	2020 49
141	2097	0.0	1	2060 37
142	2097	0.0	1	2056 41
143	1875	0.0	1	1830 45
144	1994	0.0	1	1939 55
145	1890	0.0	1	1847 43
146	1814	0.0	1	1776 38
147	1850	0.0	1	1810 40
148	1715	0.0	1	1680 35
149	1717	0.0	1	1674 43
150	1749	0.0	1	1704 45
151	1734	0.0	1	1686 48
152	1649	0.0	1	1612 37
153	1636	0.0	1	1598 38
154	1656	0.0	1	1614 42
155	1648	0.0	1	1605 43
156	1543	0.0	1	1507 36
157	1559	0.0	1	1523 36
158	1562	0.0	1	1526 36
159	1530	0.0	1	1498 32
160	1455	0.0	1	1426 29
161	1421	0.0	1	1395 26
162	1376	0.0	1	1346 30
163	1387	0.0	1	1365 22
164	1428	0.0	1	1398 30
165	1283	0.0	1	1254 29
166	1322	0.0	1	1288 34
167	1309	0.0	1	1286 23
168	1178	0.0	1	1157 21
169	1199	0.0	1	1172 27
170	1150	0.0	1	1134 16
171	1140	0.0	1	1116 24
172	1179	0.0	1	1162 17
173	1191	0.0	1	1163 28
174	1113	0.0	1	1088 25
175	1070	0.0	1	1056 14
176	1086	0.0	1	1064 22
177	1002	0.0	1	972 30
178	1027	0.0	1	1005 22
179	939	0.0	1	913 26
180	998	0.0	1	978 20
181	999	0.0	1	980 19
182	995	0.0	1	974 21
183	937	0.0	1	916 21
184	912	0.0	1	893 19
185	924	0.0	1	912 12
186	876	0.0	1	861 15
187	903	0.0	1	885 18
188	857	0.0	1	837 20
189	861	0.0	1	842 19
190	821	0.0	1	798 23
191	815	0.0	1	794 21
192	862	0.0	1	841 21
193	796	0.0	1	775 21
194	764	0.0	1	735 29
195	757	0.0	1	741 16
196	745	0.0	1	729 16
197	729	0.0	1	712 17
198	698	0.0	1	678 20
199	678	0.0	1	665 13
200	684	0.0	1	671 13
201	693	0.0	1	681 12
202	650	0.0	1	628 22
203	643	0.0	1	625 18
204	652	0.0	1	639 13
205	604	0.0	1	593 11
206	612	0.0	1	600 12
207	550	0.0	1	538 12
208	583	0.0	1	573 10
209	583	0.0	1	562 21
210	585	0.0	1	568 17
211	581	0.0	1	567 14
212	606	0.0	1	592 14
213	555	0.0	1	536 19
214	525	0.0	1	512 13
215	517	0.0	1	509 8
216	560	0.0	1	551 9
217	483	0.0	1	476 7
218	547	0.0	1	537 10
219	531	0.0	1	520 11
220	524	0.0	1	516 8
221	471	0.0	1	459 12
222	480	0.0	1	471 9
223	411	0.0	1	399 12
224	364	0.0	1	352 12
225	341	0.0	1	332 9
226	267	0.0	1	260 7
227	227	0.0	1	222 5
228	177	0.0	1	174 3
229	119	0.0	1	115 4
230	83	0.0	1	79 4
231	64	0.0	1	63 1
232	50	0.0	1	49 1
233	65	0.0	1	62 3
234	82	0.0	1	78 4
235	81	0.0	1	79 2
236	65	0.0	1	62 3
237	59	0.0	1	58 1
238	94	0.0	1	93 1
239	77	0.0	1	75 2
240	100	0.0	1	96 4
241	148	0.0	1	137 11
242	120	0.0	1	113 7
243	97	0.0	1	92 5
244	65	0.0	1	61 4
245	34	0.0	1	29 5
246	41	0.0	1	39 2
247	52	0.0	1	51 1
248	65	0.0	1	59 6
249	105	0.0	1	48 57
250	2386	0.0	1	95 2291

RUN STATISTICS FOR INPUT FILE: SRR29694808_1.fastq.gz
=============================================
2226807 sequences processed in total

