
SUMMARISING RUN PARAMETERS
==========================
Input filename: SRR29694808_2.fastq.gz
Trimming mode: paired-end
Trim Galore version: 0.6.10
Cutadapt version: 4.4
Number of cores used for trimming: 1
Quality Phred score cutoff: 30
Quality encoding type selected: ASCII+33
Using Illumina adapter for trimming (count: 262485). Second best hit was smallRNA (count: 15)
Adapter sequence: 'AGATCGGAAGAGC' (Illumina TruSeq, Sanger iPCR; auto-detected)
Maximum trimming error rate: 0.1 (default)
Minimum required adapter overlap (stringency): 1 bp
Minimum required sequence length for both reads before a sequence pair gets removed: 20 bp
Output file will be GZIP compressed


This is cutadapt 4.4 with Python 3.12.3
Command line parameters: -j 1 -e 0.1 -q 30 -O 1 -a AGATCGGAAGAGC SRR29694808_2.fastq.gz
Processing single-end reads on 1 core ...
Finished in 124.324 s (55.831 µs/read; 1.07 M reads/minute).

=== Summary ===

Total reads processed:               2,226,807
Reads with adapters:                 1,013,411 (45.5%)
Reads written (passing filters):     2,226,807 (100.0%)

Total basepairs processed:   556,701,750 bp
Quality-trimmed:               9,016,134 bp (1.6%)
Total written (filtered):    499,255,853 bp (89.7%)

=== Adapter 1 ===

Sequence: AGATCGGAAGAGC; Type: regular 3'; Length: 13; Trimmed: 1013411 times

Minimum overlap: 1
No. of allowed errors:
1-9 bp: 0; 10-13 bp: 1

Bases preceding removed adapters:
  A: 14.8%
  C: 40.8%
  G: 31.2%
  T: 13.2%
  none/other: 0.0%

Overview of removed sequences
length	count	expect	max.err	error counts
1	253596	556701.8	0	253596
2	83711	139175.4	0	83711
3	18739	34793.9	0	18739
4	9651	8698.5	0	9651
5	8834	2174.6	0	8834
6	6632	543.7	0	6632
7	6938	135.9	0	6938
8	8222	34.0	0	8222
9	3758	8.5	0	3695 63
10	6391	2.1	1	6068 323
11	5639	0.5	1	5406 233
12	6169	0.1	1	5900 269
13	6143	0.0	1	5799 344
14	7450	0.0	1	6911 539
15	5826	0.0	1	5432 394
16	6035	0.0	1	5552 483
17	8325	0.0	1	7645 680
18	3798	0.0	1	3418 380
19	8056	0.0	1	7465 591
20	4959	0.0	1	4697 262
21	4506	0.0	1	4261 245
22	5670	0.0	1	5425 245
23	5680	0.0	1	5333 347
24	7864	0.0	1	7209 655
25	7276	0.0	1	6799 477
26	3899	0.0	1	3625 274
27	4316	0.0	1	4062 254
28	5714	0.0	1	5457 257
29	5038	0.0	1	4776 262
30	6141	0.0	1	5851 290
31	4510	0.0	1	4341 169
32	6221	0.0	1	5929 292
33	5802	0.0	1	5547 255
34	5046	0.0	1	4729 317
35	5536	0.0	1	5254 282
36	6310	0.0	1	5875 435
37	3873	0.0	1	3638 235
38	5192	0.0	1	4821 371
39	5032	0.0	1	4679 353
40	4814	0.0	1	4567 247
41	5310	0.0	1	5073 237
42	6548	0.0	1	6150 398
43	5423	0.0	1	5141 282
44	11076	0.0	1	10447 629
45	19605	0.0	1	18916 689
46	12409	0.0	1	11762 647
47	33579	0.0	1	32614 965
48	2307	0.0	1	2144 163
49	5050	0.0	1	4874 176
50	1180	0.0	1	1103 77
51	2942	0.0	1	2800 142
52	1580	0.0	1	1443 137
53	4674	0.0	1	4334 340
54	8214	0.0	1	7827 387
55	1057	0.0	1	924 133
56	5345	0.0	1	4872 473
57	12654	0.0	1	12059 595
58	2831	0.0	1	2721 110
59	488	0.0	1	410 78
60	5074	0.0	1	4874 200
61	393	0.0	1	358 35
62	372	0.0	1	306 66
63	4792	0.0	1	4622 170
64	519	0.0	1	473 46
65	148	0.0	1	128 20
66	525	0.0	1	495 30
67	365	0.0	1	342 23
68	304	0.0	1	272 32
69	609	0.0	1	583 26
70	880	0.0	1	851 29
71	371	0.0	1	354 17
72	287	0.0	1	274 13
73	433	0.0	1	413 20
74	326	0.0	1	308 18
75	609	0.0	1	573 36
76	1032	0.0	1	998 34
77	2174	0.0	1	2054 120
78	2845	0.0	1	2733 112
79	3340	0.0	1	3164 176
80	3433	0.0	1	3325 108
81	3626	0.0	1	3502 124
82	3519	0.0	1	3400 119
83	3695	0.0	1	3552 143
84	3813	0.0	1	3654 159
85	3777	0.0	1	3601 176
86	3567	0.0	1	3428 139
87	3570	0.0	1	3420 150
88	3507	0.0	1	3380 127
89	3629	0.0	1	3478 151
90	3589	0.0	1	3464 125
91	3426	0.0	1	3330 96
92	3476	0.0	1	3363 113
93	3513	0.0	1	3414 99
94	3438	0.0	1	3302 136
95	3379	0.0	1	3252 127
96	3286	0.0	1	3183 103
97	3381	0.0	1	3260 121
98	3367	0.0	1	3259 108
99	3285	0.0	1	3169 116
100	3166	0.0	1	3061 105
101	3228	0.0	1	3129 99
102	3221	0.0	1	3145 76
103	3133	0.0	1	3024 109
104	3132	0.0	1	3019 113
105	3005	0.0	1	2910 95
106	2990	0.0	1	2880 110
107	3062	0.0	1	2982 80
108	3064	0.0	1	2990 74
109	2953	0.0	1	2864 89
110	2946	0.0	1	2847 99
111	2990	0.0	1	2895 95
112	2893	0.0	1	2814 79
113	2892	0.0	1	2801 91
114	2778	0.0	1	2691 87
115	2799	0.0	1	2705 94
116	2888	0.0	1	2791 97
117	2718	0.0	1	2651 67
118	2650	0.0	1	2561 89
119	2624	0.0	1	2560 64
120	2614	0.0	1	2531 83
121	2527	0.0	1	2455 72
122	2543	0.0	1	2490 53
123	2493	0.0	1	2392 101
124	2567	0.0	1	2486 81
125	2457	0.0	1	2365 92
126	2464	0.0	1	2415 49
127	2462	0.0	1	2397 65
128	2433	0.0	1	2370 63
129	2303	0.0	1	2244 59
130	2345	0.0	1	2283 62
131	2290	0.0	1	2233 57
132	2215	0.0	1	2163 52
133	2229	0.0	1	2159 70
134	2252	0.0	1	2180 72
135	2227	0.0	1	2179 48
136	2129	0.0	1	2085 44
137	2091	0.0	1	2053 38
138	2128	0.0	1	2058 70
139	2031	0.0	1	1954 77
140	2043	0.0	1	1995 48
141	2064	0.0	1	1988 76
142	2061	0.0	1	1995 66
143	1827	0.0	1	1770 57
144	1957	0.0	1	1915 42
145	1836	0.0	1	1798 38
146	1796	0.0	1	1743 53
147	1828	0.0	1	1770 58
148	1685	0.0	1	1628 57
149	1691	0.0	1	1645 46
150	1715	0.0	1	1675 40
151	1698	0.0	1	1654 44
152	1622	0.0	1	1573 49
153	1611	0.0	1	1553 58
154	1616	0.0	1	1566 50
155	1627	0.0	1	1599 28
156	1512	0.0	1	1479 33
157	1564	0.0	1	1517 47
158	1532	0.0	1	1491 41
159	1523	0.0	1	1477 46
160	1431	0.0	1	1393 38
161	1404	0.0	1	1373 31
162	1350	0.0	1	1317 33
163	1357	0.0	1	1314 43
164	1403	0.0	1	1374 29
165	1274	0.0	1	1232 42
166	1310	0.0	1	1276 34
167	1301	0.0	1	1270 31
168	1160	0.0	1	1143 17
169	1188	0.0	1	1157 31
170	1167	0.0	1	1127 40
171	1114	0.0	1	1094 20
172	1172	0.0	1	1136 36
173	1176	0.0	1	1146 30
174	1112	0.0	1	1090 22
175	1056	0.0	1	1038 18
176	1076	0.0	1	1048 28
177	1011	0.0	1	978 33
178	1011	0.0	1	986 25
179	939	0.0	1	912 27
180	987	0.0	1	961 26
181	989	0.0	1	970 19
182	986	0.0	1	957 29
183	935	0.0	1	915 20
184	926	0.0	1	898 28
185	907	0.0	1	877 30
186	874	0.0	1	844 30
187	883	0.0	1	866 17
188	861	0.0	1	842 19
189	848	0.0	1	827 21
190	827	0.0	1	810 17
191	812	0.0	1	794 18
192	848	0.0	1	826 22
193	789	0.0	1	768 21
194	756	0.0	1	732 24
195	741	0.0	1	723 18
196	734	0.0	1	720 14
197	729	0.0	1	715 14
198	695	0.0	1	673 22
199	679	0.0	1	654 25
200	669	0.0	1	657 12
201	690	0.0	1	678 12
202	646	0.0	1	633 13
203	639	0.0	1	627 12
204	642	0.0	1	632 10
205	602	0.0	1	591 11
206	611	0.0	1	594 17
207	551	0.0	1	539 12
208	571	0.0	1	560 11
209	574	0.0	1	561 13
210	584	0.0	1	568 16
211	570	0.0	1	557 13
212	596	0.0	1	584 12
213	554	0.0	1	546 8
214	532	0.0	1	518 14
215	519	0.0	1	512 7
216	547	0.0	1	536 11
217	484	0.0	1	472 12
218	544	0.0	1	533 11
219	525	0.0	1	513 12
220	521	0.0	1	513 8
221	467	0.0	1	458 9
222	478	0.0	1	471 7
223	408	0.0	1	402 6
224	371	0.0	1	359 12
225	339	0.0	1	333 6
226	265	0.0	1	256 9
227	223	0.0	1	220 3
228	181	0.0	1	180 1
229	114	0.0	1	110 4
230	84	0.0	1	82 2
231	62	0.0	1	61 1
232	51	0.0	1	51
233	63	0.0	1	62 1
234	78	0.0	1	77 1
235	82	0.0	1	80 2
236	64	0.0	1	61 3
237	56	0.0	1	55 1
238	94	0.0	1	92 2
239	80	0.0	1	78 2
240	99	0.0	1	98 1
241	137	0.0	1	135 2
242	116	0.0	1	114 2
243	95	0.0	1	94 1
244	62	0.0	1	58 4
245	31	0.0	1	31
246	41	0.0	1	41
247	53	0.0	1	53
248	59	0.0	1	57 2
249	50	0.0	1	49 1
250	121	0.0	1	94 27

RUN STATISTICS FOR INPUT FILE: SRR29694808_2.fastq.gz
=============================================
2226807 sequences processed in total

Total number of sequences analysed for the sequence pair length validation: 2226807

Number of sequence pairs removed because at least one read was shorter than the length cutoff (20 bp): 17505 (0.79%)
