
SUMMARISING RUN PARAMETERS
==========================
Input filename: SRR29694809_2.fastq.gz
Trimming mode: paired-end
Trim Galore version: 0.6.10
Cutadapt version: 4.4
Number of cores used for trimming: 1
Quality Phred score cutoff: 30
Quality encoding type selected: ASCII+33
Using Illumina adapter for trimming (count: 200711). Second best hit was smallRNA (count: 9)
Adapter sequence: 'AGATCGGAAGAGC' (Illumina TruSeq, Sanger iPCR; auto-detected)
Maximum trimming error rate: 0.1 (default)
Minimum required adapter overlap (stringency): 1 bp
Minimum required sequence length for both reads before a sequence pair gets removed: 20 bp
Output file will be GZIP compressed


This is cutadapt 4.4 with Python 3.12.3
Command line parameters: -j 1 -e 0.1 -q 30 -O 1 -a AGATCGGAAGAGC SRR29694809_2.fastq.gz
Processing single-end reads on 1 core ...
Finished in 52.948 s (77.426 µs/read; 0.77 M reads/minute).

=== Summary ===

Total reads processed:                 683,859
Reads with adapters:                   332,604 (48.6%)
Reads written (passing filters):       683,859 (100.0%)

Total basepairs processed:   170,964,750 bp
Quality-trimmed:               2,973,968 bp (1.7%)
Total written (filtered):    150,939,193 bp (88.3%)

=== Adapter 1 ===

Sequence: AGATCGGAAGAGC; Type: regular 3'; Length: 13; Trimmed: 332604 times

Minimum overlap: 1
No. of allowed errors:
1-9 bp: 0; 10-13 bp: 1

Bases preceding removed adapters:
  A: 10.9%
  C: 31.8%
  G: 38.4%
  T: 18.9%
  none/other: 0.0%

Overview of removed sequences
length	count	expect	max.err	error counts
1	76150	170964.8	0	76150
2	25417	42741.2	0	25417
3	6107	10685.3	0	6107
4	2938	2671.3	0	2938
5	2784	667.8	0	2784
6	1992	167.0	0	1992
7	2054	41.7	0	2054
8	2474	10.4	0	2474
9	1231	2.6	0	1206 25
10	1949	0.7	1	1844 105
11	1721	0.2	1	1630 91
12	1984	0.0	1	1914 70
13	1858	0.0	1	1751 107
14	2298	0.0	1	2151 147
15	1764	0.0	1	1645 119
16	1907	0.0	1	1761 146
17	2594	0.0	1	2376 218
18	1187	0.0	1	1064 123
19	2590	0.0	1	2403 187
20	1608	0.0	1	1496 112
21	1512	0.0	1	1441 71
22	1708	0.0	1	1641 67
23	1761	0.0	1	1657 104
24	2275	0.0	1	2092 183
25	2389	0.0	1	2226 163
26	1420	0.0	1	1325 95
27	1560	0.0	1	1453 107
28	1846	0.0	1	1761 85
29	1536	0.0	1	1460 76
30	1952	0.0	1	1872 80
31	1486	0.0	1	1424 62
32	1988	0.0	1	1880 108
33	2066	0.0	1	1982 84
34	1516	0.0	1	1396 120
35	2165	0.0	1	2040 125
36	1804	0.0	1	1696 108
37	2046	0.0	1	1923 123
38	1381	0.0	1	1286 95
39	1952	0.0	1	1836 116
40	1636	0.0	1	1564 72
41	1712	0.0	1	1631 81
42	1848	0.0	1	1746 102
43	1992	0.0	1	1902 90
44	2314	0.0	1	2181 133
45	5146	0.0	1	4959 187
46	4717	0.0	1	4521 196
47	8886	0.0	1	8652 234
48	1044	0.0	1	978 66
49	2250	0.0	1	2156 94
50	546	0.0	1	509 37
51	1426	0.0	1	1347 79
52	778	0.0	1	716 62
53	1665	0.0	1	1548 117
54	3295	0.0	1	3152 143
55	493	0.0	1	455 38
56	2091	0.0	1	1929 162
57	5998	0.0	1	5786 212
58	1636	0.0	1	1579 57
59	213	0.0	1	169 44
60	1991	0.0	1	1918 73
61	215	0.0	1	198 17
62	146	0.0	1	122 24
63	1728	0.0	1	1667 61
64	185	0.0	1	170 15
65	91	0.0	1	83 8
66	275	0.0	1	258 17
67	185	0.0	1	169 16
68	173	0.0	1	157 16
69	277	0.0	1	259 18
70	388	0.0	1	377 11
71	180	0.0	1	175 5
72	142	0.0	1	137 5
73	200	0.0	1	195 5
74	156	0.0	1	150 6
75	250	0.0	1	246 4
76	375	0.0	1	359 16
77	699	0.0	1	674 25
78	1055	0.0	1	1010 45
79	1194	0.0	1	1147 47
80	1246	0.0	1	1190 56
81	1299	0.0	1	1248 51
82	1291	0.0	1	1234 57
83	1352	0.0	1	1289 63
84	1344	0.0	1	1284 60
85	1291	0.0	1	1243 48
86	1337	0.0	1	1283 54
87	1383	0.0	1	1321 62
88	1370	0.0	1	1317 53
89	1327	0.0	1	1275 52
90	1336	0.0	1	1277 59
91	1317	0.0	1	1272 45
92	1234	0.0	1	1190 44
93	1274	0.0	1	1230 44
94	1261	0.0	1	1218 43
95	1214	0.0	1	1154 60
96	1257	0.0	1	1215 42
97	1176	0.0	1	1147 29
98	1242	0.0	1	1215 27
99	1202	0.0	1	1160 42
100	1146	0.0	1	1110 36
101	1213	0.0	1	1171 42
102	1179	0.0	1	1129 50
103	1096	0.0	1	1071 25
104	1155	0.0	1	1100 55
105	1133	0.0	1	1098 35
106	1160	0.0	1	1122 38
107	1137	0.0	1	1097 40
108	1129	0.0	1	1099 30
109	1055	0.0	1	1021 34
110	1043	0.0	1	1007 36
111	1089	0.0	1	1057 32
112	1019	0.0	1	987 32
113	985	0.0	1	954 31
114	1002	0.0	1	980 22
115	1098	0.0	1	1046 52
116	979	0.0	1	947 32
117	910	0.0	1	881 29
118	996	0.0	1	965 31
119	968	0.0	1	934 34
120	980	0.0	1	949 31
121	918	0.0	1	888 30
122	912	0.0	1	879 33
123	955	0.0	1	922 33
124	853	0.0	1	822 31
125	912	0.0	1	875 37
126	866	0.0	1	842 24
127	862	0.0	1	840 22
128	846	0.0	1	822 24
129	815	0.0	1	783 32
130	835	0.0	1	811 24
131	829	0.0	1	801 28
132	777	0.0	1	751 26
133	741	0.0	1	720 21
134	807	0.0	1	782 25
135	730	0.0	1	711 19
136	776	0.0	1	760 16
137	697	0.0	1	685 12
138	747	0.0	1	725 22
139	748	0.0	1	729 19
140	718	0.0	1	693 25
141	705	0.0	1	684 21
142	701	0.0	1	679 22
143	641	0.0	1	616 25
144	655	0.0	1	633 22
145	660	0.0	1	638 22
146	655	0.0	1	634 21
147	608	0.0	1	594 14
148	571	0.0	1	555 16
149	598	0.0	1	579 19
150	566	0.0	1	553 13
151	567	0.0	1	547 20
152	511	0.0	1	500 11
153	550	0.0	1	534 16
154	534	0.0	1	512 22
155	565	0.0	1	552 13
156	511	0.0	1	498 13
157	535	0.0	1	513 22
158	503	0.0	1	489 14
159	531	0.0	1	520 11
160	525	0.0	1	506 19
161	453	0.0	1	443 10
162	497	0.0	1	484 13
163	463	0.0	1	451 12
164	455	0.0	1	434 21
165	476	0.0	1	457 19
166	492	0.0	1	475 17
167	439	0.0	1	428 11
168	420	0.0	1	412 8
169	450	0.0	1	436 14
170	417	0.0	1	406 11
171	390	0.0	1	377 13
172	421	0.0	1	411 10
173	384	0.0	1	370 14
174	373	0.0	1	366 7
175	357	0.0	1	345 12
176	350	0.0	1	343 7
177	416	0.0	1	408 8
178	361	0.0	1	349 12
179	384	0.0	1	366 18
180	354	0.0	1	346 8
181	340	0.0	1	334 6
182	334	0.0	1	325 9
183	358	0.0	1	343 15
184	357	0.0	1	342 15
185	274	0.0	1	266 8
186	314	0.0	1	308 6
187	316	0.0	1	309 7
188	296	0.0	1	294 2
189	293	0.0	1	283 10
190	332	0.0	1	326 6
191	293	0.0	1	285 8
192	291	0.0	1	286 5
193	302	0.0	1	290 12
194	308	0.0	1	297 11
195	263	0.0	1	256 7
196	292	0.0	1	280 12
197	282	0.0	1	273 9
198	284	0.0	1	274 10
199	279	0.0	1	272 7
200	261	0.0	1	255 6
201	283	0.0	1	277 6
202	240	0.0	1	235 5
203	210	0.0	1	208 2
204	257	0.0	1	253 4
205	247	0.0	1	244 3
206	225	0.0	1	220 5
207	224	0.0	1	221 3
208	240	0.0	1	236 4
209	213	0.0	1	209 4
210	219	0.0	1	215 4
211	226	0.0	1	223 3
212	257	0.0	1	249 8
213	191	0.0	1	187 4
214	226	0.0	1	223 3
215	195	0.0	1	193 2
216	224	0.0	1	220 4
217	194	0.0	1	190 4
218	166	0.0	1	165 1
219	177	0.0	1	174 3
220	173	0.0	1	172 1
221	154	0.0	1	151 3
222	145	0.0	1	143 2
223	119	0.0	1	115 4
224	115	0.0	1	113 2
225	75	0.0	1	75
226	52	0.0	1	51 1
227	41	0.0	1	40 1
228	34	0.0	1	34
229	21	0.0	1	18 3
230	17	0.0	1	17
231	10	0.0	1	10
232	12	0.0	1	9 3
233	8	0.0	1	7 1
234	9	0.0	1	9
235	2	0.0	1	2
236	4	0.0	1	4
237	6	0.0	1	6
238	7	0.0	1	6 1
239	6	0.0	1	5 1
240	6	0.0	1	6
241	14	0.0	1	14
242	6	0.0	1	6
243	8	0.0	1	6 2
244	14	0.0	1	13 1
245	9	0.0	1	9
246	26	0.0	1	24 2
247	25	0.0	1	22 3
248	2	0.0	1	2
249	1	0.0	1	0 1
250	26	0.0	1	19 7

RUN STATISTICS FOR INPUT FILE: SRR29694809_2.fastq.gz
=============================================
683859 sequences processed in total

Total number of sequences analysed for the sequence pair length validation: 683859

Number of sequence pairs removed because at least one read was shorter than the length cutoff (20 bp): 6252 (0.91%)
