
SUMMARISING RUN PARAMETERS
==========================
Input filename: SRR29694809_1.fastq.gz
Trimming mode: paired-end
Trim Galore version: 0.6.10
Cutadapt version: 4.4
Number of cores used for trimming: 1
Quality Phred score cutoff: 30
Quality encoding type selected: ASCII+33
Using Illumina adapter for trimming (count: 200711). Second best hit was smallRNA (count: 9)
Adapter sequence: 'AGATCGGAAGAGC' (Illumina TruSeq, Sanger iPCR; auto-detected)
Maximum trimming error rate: 0.1 (default)
Minimum required adapter overlap (stringency): 1 bp
Minimum required sequence length for both reads before a sequence pair gets removed: 20 bp
Output file will be GZIP compressed


This is cutadapt 4.4 with Python 3.12.3
Command line parameters: -j 1 -e 0.1 -q 30 -O 1 -a AGATCGGAAGAGC SRR29694809_1.fastq.gz
Processing single-end reads on 1 core ...
Finished in 42.249 s (61.780 µs/read; 0.97 M reads/minute).

=== Summary ===

Total reads processed:                 683,859
Reads with adapters:                   334,096 (48.9%)
Reads written (passing filters):       683,859 (100.0%)

Total basepairs processed:   170,964,750 bp
Quality-trimmed:               2,225,326 bp (1.3%)
Total written (filtered):    151,120,430 bp (88.4%)

=== Adapter 1 ===

Sequence: AGATCGGAAGAGC; Type: regular 3'; Length: 13; Trimmed: 334096 times

Minimum overlap: 1
No. of allowed errors:
1-9 bp: 0; 10-13 bp: 1

Bases preceding removed adapters:
  A: 10.5%
  C: 31.7%
  G: 38.6%
  T: 18.6%
  none/other: 0.6%

Overview of removed sequences
length	count	expect	max.err	error counts
1	77255	170964.8	0	77255
2	24085	42741.2	0	24085
3	6516	10685.3	0	6516
4	3027	2671.3	0	3027
5	2592	667.8	0	2592
6	1946	167.0	0	1946
7	1911	41.7	0	1911
8	2249	10.4	0	2249
9	1520	2.6	0	1504 16
10	1688	0.7	1	1615 73
11	1866	0.2	1	1792 74
12	1822	0.0	1	1739 83
13	1862	0.0	1	1785 77
14	1740	0.0	1	1684 56
15	1828	0.0	1	1744 84
16	1820	0.0	1	1758 62
17	2237	0.0	1	2128 109
18	1750	0.0	1	1668 82
19	1734	0.0	1	1692 42
20	1845	0.0	1	1764 81
21	1914	0.0	1	1840 74
22	1693	0.0	1	1624 69
23	1885	0.0	1	1801 84
24	1700	0.0	1	1631 69
25	1887	0.0	1	1819 68
26	1757	0.0	1	1701 56
27	1900	0.0	1	1818 82
28	1898	0.0	1	1848 50
29	1769	0.0	1	1697 72
30	1650	0.0	1	1600 50
31	1622	0.0	1	1573 49
32	1827	0.0	1	1756 71
33	1708	0.0	1	1644 64
34	1878	0.0	1	1811 67
35	2331	0.0	1	2224 107
36	2200	0.0	1	2133 67
37	1279	0.0	1	1218 61
38	1850	0.0	1	1774 76
39	1971	0.0	1	1903 68
40	1886	0.0	1	1815 71
41	2986	0.0	1	2877 109
42	3145	0.0	1	3064 81
43	2815	0.0	1	2703 112
44	3482	0.0	1	3323 159
45	10934	0.0	1	10735 199
46	1331	0.0	1	1290 41
47	834	0.0	1	800 34
48	3394	0.0	1	3315 79
49	2192	0.0	1	2155 37
50	768	0.0	1	730 38
51	3243	0.0	1	3180 63
52	1265	0.0	1	1234 31
53	315	0.0	1	295 20
54	1119	0.0	1	1086 33
55	1989	0.0	1	1952 37
56	1287	0.0	1	1245 42
57	732	0.0	1	710 22
58	940	0.0	1	922 18
59	1293	0.0	1	1272 21
60	106	0.0	1	99 7
61	605	0.0	1	591 14
62	1271	0.0	1	1241 30
63	226	0.0	1	219 7
64	419	0.0	1	407 12
65	871	0.0	1	845 26
66	1084	0.0	1	1065 19
67	208	0.0	1	199 9
68	570	0.0	1	549 21
69	399	0.0	1	382 17
70	344	0.0	1	336 8
71	16	0.0	1	13 3
72	63	0.0	1	55 8
73	321	0.0	1	308 13
74	679	0.0	1	662 17
75	1023	0.0	1	996 27
76	1169	0.0	1	1141 28
77	1272	0.0	1	1231 41
78	1287	0.0	1	1242 45
79	1378	0.0	1	1332 46
80	1284	0.0	1	1251 33
81	1380	0.0	1	1336 44
82	1326	0.0	1	1276 50
83	1369	0.0	1	1342 27
84	1319	0.0	1	1279 40
85	1281	0.0	1	1241 40
86	1317	0.0	1	1275 42
87	1392	0.0	1	1340 52
88	1404	0.0	1	1349 55
89	1342	0.0	1	1289 53
90	1337	0.0	1	1284 53
91	1307	0.0	1	1266 41
92	1256	0.0	1	1228 28
93	1309	0.0	1	1260 49
94	1270	0.0	1	1235 35
95	1210	0.0	1	1169 41
96	1247	0.0	1	1198 49
97	1176	0.0	1	1137 39
98	1268	0.0	1	1225 43
99	1214	0.0	1	1163 51
100	1144	0.0	1	1107 37
101	1232	0.0	1	1185 47
102	1176	0.0	1	1142 34
103	1133	0.0	1	1099 34
104	1163	0.0	1	1124 39
105	1154	0.0	1	1108 46
106	1171	0.0	1	1128 43
107	1149	0.0	1	1108 41
108	1155	0.0	1	1114 41
109	1058	0.0	1	1020 38
110	1074	0.0	1	1029 45
111	1095	0.0	1	1070 25
112	1023	0.0	1	991 32
113	1008	0.0	1	974 34
114	1003	0.0	1	980 23
115	1117	0.0	1	1076 41
116	988	0.0	1	959 29
117	923	0.0	1	895 28
118	998	0.0	1	959 39
119	982	0.0	1	952 30
120	1008	0.0	1	970 38
121	935	0.0	1	899 36
122	915	0.0	1	888 27
123	971	0.0	1	933 38
124	852	0.0	1	819 33
125	912	0.0	1	883 29
126	880	0.0	1	836 44
127	873	0.0	1	821 52
128	843	0.0	1	816 27
129	833	0.0	1	797 36
130	845	0.0	1	810 35
131	836	0.0	1	804 32
132	791	0.0	1	761 30
133	754	0.0	1	726 28
134	813	0.0	1	776 37
135	744	0.0	1	722 22
136	793	0.0	1	766 27
137	703	0.0	1	674 29
138	747	0.0	1	721 26
139	757	0.0	1	718 39
140	711	0.0	1	678 33
141	710	0.0	1	683 27
142	708	0.0	1	676 32
143	640	0.0	1	615 25
144	680	0.0	1	654 26
145	664	0.0	1	628 36
146	653	0.0	1	625 28
147	630	0.0	1	607 23
148	589	0.0	1	570 19
149	603	0.0	1	579 24
150	575	0.0	1	551 24
151	573	0.0	1	555 18
152	522	0.0	1	502 20
153	554	0.0	1	529 25
154	553	0.0	1	529 24
155	564	0.0	1	543 21
156	538	0.0	1	523 15
157	543	0.0	1	529 14
158	507	0.0	1	487 20
159	542	0.0	1	514 28
160	530	0.0	1	508 22
161	447	0.0	1	434 13
162	505	0.0	1	486 19
163	466	0.0	1	448 18
164	453	0.0	1	436 17
165	474	0.0	1	461 13
166	496	0.0	1	478 18
167	449	0.0	1	426 23
168	423	0.0	1	395 28
169	451	0.0	1	434 17
170	415	0.0	1	396 19
171	387	0.0	1	371 16
172	430	0.0	1	411 19
173	388	0.0	1	374 14
174	373	0.0	1	358 15
175	353	0.0	1	340 13
176	347	0.0	1	334 13
177	424	0.0	1	412 12
178	363	0.0	1	351 12
179	387	0.0	1	372 15
180	364	0.0	1	355 9
181	345	0.0	1	335 10
182	339	0.0	1	318 21
183	357	0.0	1	345 12
184	358	0.0	1	339 19
185	288	0.0	1	269 19
186	314	0.0	1	298 16
187	312	0.0	1	300 12
188	302	0.0	1	295 7
189	289	0.0	1	277 12
190	330	0.0	1	318 12
191	300	0.0	1	294 6
192	280	0.0	1	271 9
193	303	0.0	1	298 5
194	306	0.0	1	294 12
195	259	0.0	1	248 11
196	288	0.0	1	281 7
197	284	0.0	1	279 5
198	281	0.0	1	273 8
199	281	0.0	1	266 15
200	260	0.0	1	252 8
201	280	0.0	1	273 7
202	242	0.0	1	237 5
203	207	0.0	1	200 7
204	254	0.0	1	246 8
205	248	0.0	1	234 14
206	227	0.0	1	220 7
207	217	0.0	1	207 10
208	242	0.0	1	235 7
209	212	0.0	1	207 5
210	215	0.0	1	203 12
211	233	0.0	1	225 8
212	257	0.0	1	248 9
213	188	0.0	1	177 11
214	222	0.0	1	215 7
215	198	0.0	1	192 6
216	227	0.0	1	218 9
217	196	0.0	1	183 13
218	170	0.0	1	166 4
219	171	0.0	1	169 2
220	177	0.0	1	169 8
221	155	0.0	1	150 5
222	148	0.0	1	146 2
223	117	0.0	1	117
224	114	0.0	1	112 2
225	77	0.0	1	77
226	51	0.0	1	48 3
227	41	0.0	1	38 3
228	34	0.0	1	34
229	18	0.0	1	16 2
230	19	0.0	1	19
231	9	0.0	1	9
232	13	0.0	1	10 3
233	9	0.0	1	7 2
234	10	0.0	1	8 2
235	11	0.0	1	3 8
236	5	0.0	1	3 2
237	6	0.0	1	6
238	6	0.0	1	6
239	6	0.0	1	5 1
240	6	0.0	1	6
241	14	0.0	1	14
242	8	0.0	1	6 2
243	8	0.0	1	8
244	15	0.0	1	13 2
245	13	0.0	1	11 2
246	25	0.0	1	24 1
247	29	0.0	1	24 5
248	5	0.0	1	2 3
249	40	0.0	1	1 39
250	1809	0.0	1	21 1788

RUN STATISTICS FOR INPUT FILE: SRR29694809_1.fastq.gz
=============================================
683859 sequences processed in total

