
SUMMARISING RUN PARAMETERS
==========================
Input filename: SRR29695153_2.fastq.gz
Trimming mode: paired-end
Trim Galore version: 0.6.10
Cutadapt version: 4.4
Number of cores used for trimming: 1
Quality Phred score cutoff: 30
Quality encoding type selected: ASCII+33
Using Illumina adapter for trimming (count: 403797). Second best hit was smallRNA (count: 16)
Adapter sequence: 'AGATCGGAAGAGC' (Illumina TruSeq, Sanger iPCR; auto-detected)
Maximum trimming error rate: 0.1 (default)
Minimum required adapter overlap (stringency): 1 bp
Minimum required sequence length for both reads before a sequence pair gets removed: 20 bp
Output file will be GZIP compressed


This is cutadapt 4.4 with Python 3.12.3
Command line parameters: -j 1 -e 0.1 -q 30 -O 1 -a AGATCGGAAGAGC SRR29695153_2.fastq.gz
Processing single-end reads on 1 core ...
Finished in 119.453 s (53.745 µs/read; 1.12 M reads/minute).

=== Summary ===

Total reads processed:               2,222,565
Reads with adapters:                 1,284,043 (57.8%)
Reads written (passing filters):     2,222,565 (100.0%)

Total basepairs processed:   555,641,250 bp
Quality-trimmed:              10,499,139 bp (1.9%)
Total written (filtered):    481,328,745 bp (86.6%)

=== Adapter 1 ===

Sequence: AGATCGGAAGAGC; Type: regular 3'; Length: 13; Trimmed: 1284043 times

Minimum overlap: 1
No. of allowed errors:
1-9 bp: 0; 10-13 bp: 1

Bases preceding removed adapters:
  A: 14.3%
  C: 41.9%
  G: 30.0%
  T: 13.8%
  none/other: 0.0%

Overview of removed sequences
length	count	expect	max.err	error counts
1	195575	555641.2	0	195575
2	67603	138910.3	0	67603
3	18738	34727.6	0	18738
4	11180	8681.9	0	11180
5	11864	2170.5	0	11864
6	9513	542.6	0	9513
7	10265	135.7	0	10265
8	12381	33.9	0	12381
9	5641	8.5	0	5591 50
10	9852	2.1	1	9338 514
11	8580	0.5	1	8200 380
12	9598	0.1	1	9171 427
13	9510	0.0	1	9033 477
14	11984	0.0	1	11176 808
15	9063	0.0	1	8543 520
16	9723	0.0	1	8952 771
17	14085	0.0	1	12867 1218
18	6127	0.0	1	5513 614
19	13216	0.0	1	12095 1121
20	8137	0.0	1	7691 446
21	7438	0.0	1	7084 354
22	9257	0.0	1	8868 389
23	9443	0.0	1	8880 563
24	13970	0.0	1	12760 1210
25	12698	0.0	1	11852 846
26	6990	0.0	1	6519 471
27	7435	0.0	1	7000 435
28	9741	0.0	1	9304 437
29	8624	0.0	1	8170 454
30	11515	0.0	1	10992 523
31	7493	0.0	1	7217 276
32	12083	0.0	1	11513 570
33	9738	0.0	1	9389 349
34	8013	0.0	1	7516 497
35	10233	0.0	1	9724 509
36	10261	0.0	1	9599 662
37	9028	0.0	1	8454 574
38	9686	0.0	1	9084 602
39	10818	0.0	1	10274 544
40	7999	0.0	1	7519 480
41	9752	0.0	1	9266 486
42	10502	0.0	1	9938 564
43	9579	0.0	1	9137 442
44	13383	0.0	1	12635 748
45	27871	0.0	1	26941 930
46	21535	0.0	1	20557 978
47	58596	0.0	1	56928 1668
48	5099	0.0	1	4775 324
49	10396	0.0	1	10053 343
50	2768	0.0	1	2582 186
51	7008	0.0	1	6652 356
52	3994	0.0	1	3702 292
53	9031	0.0	1	8460 571
54	17969	0.0	1	17115 854
55	2343	0.0	1	2105 238
56	10928	0.0	1	10042 886
57	29971	0.0	1	28794 1177
58	7070	0.0	1	6819 251
59	822	0.0	1	709 113
60	10494	0.0	1	10088 406
61	933	0.0	1	848 85
62	579	0.0	1	498 81
63	8871	0.0	1	8535 336
64	984	0.0	1	917 67
65	379	0.0	1	339 40
66	1135	0.0	1	1065 70
67	962	0.0	1	913 49
68	788	0.0	1	741 47
69	1334	0.0	1	1268 66
70	1949	0.0	1	1890 59
71	816	0.0	1	792 24
72	619	0.0	1	584 35
73	946	0.0	1	910 36
74	638	0.0	1	602 36
75	1036	0.0	1	1006 30
76	1351	0.0	1	1309 42
77	3489	0.0	1	3360 129
78	5012	0.0	1	4825 187
79	5833	0.0	1	5557 276
80	6007	0.0	1	5791 216
81	6114	0.0	1	5923 191
82	6382	0.0	1	6177 205
83	6247	0.0	1	5996 251
84	6297	0.0	1	6055 242
85	6234	0.0	1	6024 210
86	6138	0.0	1	5906 232
87	6174	0.0	1	5919 255
88	5940	0.0	1	5749 191
89	5916	0.0	1	5704 212
90	5773	0.0	1	5557 216
91	5601	0.0	1	5429 172
92	5555	0.0	1	5405 150
93	5537	0.0	1	5398 139
94	5437	0.0	1	5287 150
95	5268	0.0	1	5103 165
96	5274	0.0	1	5112 162
97	5359	0.0	1	5214 145
98	5257	0.0	1	5090 167
99	5086	0.0	1	4933 153
100	5095	0.0	1	4929 166
101	5067	0.0	1	4923 144
102	4939	0.0	1	4795 144
103	4808	0.0	1	4668 140
104	4671	0.0	1	4505 166
105	4641	0.0	1	4514 127
106	4402	0.0	1	4287 115
107	4480	0.0	1	4349 131
108	4445	0.0	1	4327 118
109	4297	0.0	1	4166 131
110	4130	0.0	1	4004 126
111	4104	0.0	1	3999 105
112	3991	0.0	1	3885 106
113	3952	0.0	1	3863 89
114	3886	0.0	1	3771 115
115	3862	0.0	1	3731 131
116	3657	0.0	1	3541 116
117	3618	0.0	1	3511 107
118	3564	0.0	1	3456 108
119	3400	0.0	1	3323 77
120	3424	0.0	1	3308 116
121	3351	0.0	1	3261 90
122	3115	0.0	1	3011 104
123	3095	0.0	1	3004 91
124	3015	0.0	1	2921 94
125	3044	0.0	1	2941 103
126	3035	0.0	1	2957 78
127	2968	0.0	1	2897 71
128	2890	0.0	1	2821 69
129	2870	0.0	1	2792 78
130	2707	0.0	1	2644 63
131	2610	0.0	1	2546 64
132	2635	0.0	1	2569 66
133	2517	0.0	1	2452 65
134	2596	0.0	1	2507 89
135	2428	0.0	1	2367 61
136	2420	0.0	1	2368 52
137	2341	0.0	1	2293 48
138	2193	0.0	1	2124 69
139	2144	0.0	1	2076 68
140	2167	0.0	1	2101 66
141	2178	0.0	1	2108 70
142	1973	0.0	1	1922 51
143	1936	0.0	1	1883 53
144	1949	0.0	1	1888 61
145	1906	0.0	1	1851 55
146	1809	0.0	1	1754 55
147	1763	0.0	1	1723 40
148	1779	0.0	1	1735 44
149	1693	0.0	1	1653 40
150	1662	0.0	1	1615 47
151	1556	0.0	1	1508 48
152	1675	0.0	1	1618 57
153	1448	0.0	1	1389 59
154	1516	0.0	1	1477 39
155	1502	0.0	1	1471 31
156	1400	0.0	1	1365 35
157	1309	0.0	1	1279 30
158	1255	0.0	1	1222 33
159	1245	0.0	1	1219 26
160	1342	0.0	1	1314 28
161	1226	0.0	1	1200 26
162	1232	0.0	1	1192 40
163	1164	0.0	1	1135 29
164	1172	0.0	1	1144 28
165	1112	0.0	1	1072 40
166	1077	0.0	1	1057 20
167	1043	0.0	1	1019 24
168	998	0.0	1	983 15
169	1059	0.0	1	1035 24
170	1007	0.0	1	968 39
171	987	0.0	1	967 20
172	967	0.0	1	955 12
173	849	0.0	1	828 21
174	829	0.0	1	807 22
175	913	0.0	1	891 22
176	887	0.0	1	870 17
177	815	0.0	1	797 18
178	737	0.0	1	717 20
179	765	0.0	1	745 20
180	708	0.0	1	698 10
181	696	0.0	1	678 18
182	698	0.0	1	681 17
183	716	0.0	1	696 20
184	746	0.0	1	727 19
185	618	0.0	1	598 20
186	650	0.0	1	636 14
187	620	0.0	1	605 15
188	607	0.0	1	592 15
189	552	0.0	1	543 9
190	567	0.0	1	556 11
191	552	0.0	1	539 13
192	582	0.0	1	564 18
193	542	0.0	1	530 12
194	566	0.0	1	550 16
195	530	0.0	1	524 6
196	535	0.0	1	523 12
197	516	0.0	1	505 11
198	504	0.0	1	486 18
199	506	0.0	1	499 7
200	456	0.0	1	446 10
201	486	0.0	1	475 11
202	448	0.0	1	439 9
203	433	0.0	1	419 14
204	441	0.0	1	432 9
205	400	0.0	1	391 9
206	399	0.0	1	384 15
207	419	0.0	1	407 12
208	359	0.0	1	350 9
209	395	0.0	1	385 10
210	366	0.0	1	358 8
211	376	0.0	1	369 7
212	363	0.0	1	359 4
213	348	0.0	1	335 13
214	363	0.0	1	352 11
215	327	0.0	1	320 7
216	368	0.0	1	353 15
217	350	0.0	1	342 8
218	364	0.0	1	357 7
219	361	0.0	1	349 12
220	305	0.0	1	299 6
221	305	0.0	1	302 3
222	256	0.0	1	244 12
223	247	0.0	1	241 6
224	192	0.0	1	188 4
225	129	0.0	1	121 8
226	87	0.0	1	81 6
227	81	0.0	1	79 2
228	53	0.0	1	50 3
229	35	0.0	1	35
230	32	0.0	1	28 4
231	22	0.0	1	18 4
232	23	0.0	1	19 4
233	31	0.0	1	30 1
234	24	0.0	1	22 2
235	24	0.0	1	21 3
236	34	0.0	1	31 3
237	37	0.0	1	37
238	28	0.0	1	26 2
239	39	0.0	1	34 5
240	48	0.0	1	43 5
241	69	0.0	1	63 6
242	72	0.0	1	69 3
243	47	0.0	1	46 1
244	33	0.0	1	30 3
245	24	0.0	1	23 1
246	12	0.0	1	9 3
247	24	0.0	1	23 1
248	26	0.0	1	25 1
249	34	0.0	1	34
250	69	0.0	1	64 5

RUN STATISTICS FOR INPUT FILE: SRR29695153_2.fastq.gz
=============================================
2222565 sequences processed in total

Total number of sequences analysed for the sequence pair length validation: 2222565

Number of sequence pairs removed because at least one read was shorter than the length cutoff (20 bp): 15735 (0.71%)
