
SUMMARISING RUN PARAMETERS
==========================
Input filename: SRR29695153_1.fastq.gz
Trimming mode: paired-end
Trim Galore version: 0.6.10
Cutadapt version: 4.4
Number of cores used for trimming: 1
Quality Phred score cutoff: 30
Quality encoding type selected: ASCII+33
Using Illumina adapter for trimming (count: 403797). Second best hit was smallRNA (count: 16)
Adapter sequence: 'AGATCGGAAGAGC' (Illumina TruSeq, Sanger iPCR; auto-detected)
Maximum trimming error rate: 0.1 (default)
Minimum required adapter overlap (stringency): 1 bp
Minimum required sequence length for both reads before a sequence pair gets removed: 20 bp
Output file will be GZIP compressed


This is cutadapt 4.4 with Python 3.12.3
Command line parameters: -j 1 -e 0.1 -q 30 -O 1 -a AGATCGGAAGAGC SRR29695153_1.fastq.gz
Processing single-end reads on 1 core ...
Finished in 132.206 s (59.483 µs/read; 1.01 M reads/minute).

=== Summary ===

Total reads processed:               2,222,565
Reads with adapters:                 1,285,152 (57.8%)
Reads written (passing filters):     2,222,565 (100.0%)

Total basepairs processed:   555,641,250 bp
Quality-trimmed:               7,229,308 bp (1.3%)
Total written (filtered):    482,441,141 bp (86.8%)

=== Adapter 1 ===

Sequence: AGATCGGAAGAGC; Type: regular 3'; Length: 13; Trimmed: 1285152 times

Minimum overlap: 1
No. of allowed errors:
1-9 bp: 0; 10-13 bp: 1

Bases preceding removed adapters:
  A: 14.2%
  C: 41.9%
  G: 30.1%
  T: 13.8%
  none/other: 0.1%

Overview of removed sequences
length	count	expect	max.err	error counts
1	195898	555641.2	0	195898
2	64154	138910.3	0	64154
3	19573	34727.6	0	19573
4	11345	8681.9	0	11345
5	11170	2170.5	0	11170
6	9218	542.6	0	9218
7	9266	135.7	0	9266
8	10965	33.9	0	10965
9	7211	8.5	0	7173 38
10	8658	2.1	1	8367 291
11	9247	0.5	1	8929 318
12	9060	0.1	1	8704 356
13	9618	0.0	1	9272 346
14	8891	0.0	1	8575 316
15	9624	0.0	1	9215 409
16	9209	0.0	1	8871 338
17	11089	0.0	1	10565 524
18	9397	0.0	1	9023 374
19	8152	0.0	1	7874 278
20	9492	0.0	1	9100 392
21	9638	0.0	1	9297 341
22	8928	0.0	1	8561 367
23	10379	0.0	1	10052 327
24	8932	0.0	1	8592 340
25	9650	0.0	1	9342 308
26	9004	0.0	1	8728 276
27	10165	0.0	1	9818 347
28	10402	0.0	1	10078 324
29	9290	0.0	1	8966 324
30	9151	0.0	1	8933 218
31	8461	0.0	1	8238 223
32	9953	0.0	1	9625 328
33	9185	0.0	1	8881 304
34	9880	0.0	1	9526 354
35	11289	0.0	1	10895 394
36	10603	0.0	1	10248 355
37	9211	0.0	1	8858 353
38	12817	0.0	1	12346 471
39	9472	0.0	1	9161 311
40	11444	0.0	1	11028 416
41	20607	0.0	1	20108 499
42	11941	0.0	1	11585 356
43	9879	0.0	1	9559 320
44	11354	0.0	1	11002 352
45	25805	0.0	1	25340 465
46	4098	0.0	1	3939 159
47	4784	0.0	1	4639 145
48	10632	0.0	1	10359 273
49	9212	0.0	1	9012 200
50	5873	0.0	1	5669 204
51	12582	0.0	1	12275 307
52	10564	0.0	1	10364 200
53	5274	0.0	1	5113 161
54	7436	0.0	1	7195 241
55	14469	0.0	1	14221 248
56	9694	0.0	1	9486 208
57	11085	0.0	1	10896 189
58	12255	0.0	1	12057 198
59	10529	0.0	1	10374 155
60	3243	0.0	1	3155 88
61	5099	0.0	1	4960 139
62	11683	0.0	1	11502 181
63	5242	0.0	1	5132 110
64	5859	0.0	1	5755 104
65	5143	0.0	1	4983 160
66	10944	0.0	1	10771 173
67	3699	0.0	1	3614 85
68	5105	0.0	1	5022 83
69	3037	0.0	1	2974 63
70	2192	0.0	1	2140 52
71	126	0.0	1	114 12
72	403	0.0	1	379 24
73	2217	0.0	1	2159 58
74	4062	0.0	1	3966 96
75	5279	0.0	1	5165 114
76	6002	0.0	1	5883 119
77	6374	0.0	1	6244 130
78	6460	0.0	1	6284 176
79	6554	0.0	1	6395 159
80	6489	0.0	1	6317 172
81	6487	0.0	1	6322 165
82	6681	0.0	1	6514 167
83	6479	0.0	1	6312 167
84	6382	0.0	1	6219 163
85	6286	0.0	1	6111 175
86	6209	0.0	1	6054 155
87	6303	0.0	1	6115 188
88	6057	0.0	1	5870 187
89	6013	0.0	1	5864 149
90	5861	0.0	1	5688 173
91	5680	0.0	1	5524 156
92	5696	0.0	1	5532 164
93	5620	0.0	1	5452 168
94	5599	0.0	1	5451 148
95	5322	0.0	1	5194 128
96	5348	0.0	1	5202 146
97	5434	0.0	1	5279 155
98	5304	0.0	1	5163 141
99	5184	0.0	1	5047 137
100	5122	0.0	1	5017 105
101	5159	0.0	1	5035 124
102	5027	0.0	1	4939 88
103	4884	0.0	1	4788 96
104	4766	0.0	1	4674 92
105	4690	0.0	1	4573 117
106	4461	0.0	1	4359 102
107	4612	0.0	1	4530 82
108	4501	0.0	1	4393 108
109	4366	0.0	1	4279 87
110	4198	0.0	1	4117 81
111	4229	0.0	1	4139 90
112	4059	0.0	1	3964 95
113	3958	0.0	1	3861 97
114	3915	0.0	1	3814 101
115	3902	0.0	1	3818 84
116	3729	0.0	1	3665 64
117	3681	0.0	1	3599 82
118	3617	0.0	1	3531 86
119	3446	0.0	1	3369 77
120	3498	0.0	1	3429 69
121	3393	0.0	1	3319 74
122	3189	0.0	1	3119 70
123	3159	0.0	1	3100 59
124	3059	0.0	1	2986 73
125	3081	0.0	1	2998 83
126	3061	0.0	1	2990 71
127	3000	0.0	1	2940 60
128	2912	0.0	1	2846 66
129	2932	0.0	1	2856 76
130	2731	0.0	1	2672 59
131	2637	0.0	1	2572 65
132	2709	0.0	1	2641 68
133	2546	0.0	1	2494 52
134	2631	0.0	1	2569 62
135	2486	0.0	1	2423 63
136	2446	0.0	1	2378 68
137	2359	0.0	1	2309 50
138	2224	0.0	1	2152 72
139	2184	0.0	1	2142 42
140	2192	0.0	1	2135 57
141	2192	0.0	1	2142 50
142	1991	0.0	1	1945 46
143	1995	0.0	1	1955 40
144	1978	0.0	1	1932 46
145	1974	0.0	1	1924 50
146	1851	0.0	1	1811 40
147	1790	0.0	1	1756 34
148	1804	0.0	1	1770 34
149	1712	0.0	1	1679 33
150	1673	0.0	1	1635 38
151	1595	0.0	1	1558 37
152	1697	0.0	1	1659 38
153	1478	0.0	1	1445 33
154	1550	0.0	1	1515 35
155	1530	0.0	1	1498 32
156	1426	0.0	1	1398 28
157	1335	0.0	1	1302 33
158	1279	0.0	1	1246 33
159	1260	0.0	1	1230 30
160	1339	0.0	1	1295 44
161	1250	0.0	1	1223 27
162	1237	0.0	1	1201 36
163	1196	0.0	1	1164 32
164	1174	0.0	1	1144 30
165	1123	0.0	1	1099 24
166	1100	0.0	1	1073 27
167	1043	0.0	1	1026 17
168	1012	0.0	1	991 21
169	1074	0.0	1	1041 33
170	1008	0.0	1	987 21
171	991	0.0	1	968 23
172	976	0.0	1	953 23
173	867	0.0	1	848 19
174	836	0.0	1	809 27
175	932	0.0	1	914 18
176	895	0.0	1	873 22
177	824	0.0	1	799 25
178	750	0.0	1	732 18
179	772	0.0	1	756 16
180	710	0.0	1	697 13
181	702	0.0	1	689 13
182	706	0.0	1	693 13
183	715	0.0	1	694 21
184	742	0.0	1	725 17
185	623	0.0	1	608 15
186	659	0.0	1	651 8
187	621	0.0	1	613 8
188	615	0.0	1	592 23
189	562	0.0	1	544 18
190	575	0.0	1	566 9
191	551	0.0	1	537 14
192	589	0.0	1	583 6
193	548	0.0	1	538 10
194	576	0.0	1	567 9
195	539	0.0	1	519 20
196	542	0.0	1	532 10
197	514	0.0	1	503 11
198	507	0.0	1	497 10
199	512	0.0	1	498 14
200	461	0.0	1	451 10
201	485	0.0	1	475 10
202	456	0.0	1	440 16
203	435	0.0	1	419 16
204	451	0.0	1	441 10
205	399	0.0	1	382 17
206	396	0.0	1	386 10
207	421	0.0	1	409 12
208	365	0.0	1	359 6
209	397	0.0	1	385 12
210	365	0.0	1	352 13
211	376	0.0	1	367 9
212	365	0.0	1	352 13
213	354	0.0	1	342 12
214	360	0.0	1	352 8
215	331	0.0	1	318 13
216	361	0.0	1	351 10
217	360	0.0	1	349 11
218	370	0.0	1	363 7
219	356	0.0	1	351 5
220	307	0.0	1	300 7
221	307	0.0	1	299 8
222	262	0.0	1	254 8
223	244	0.0	1	237 7
224	191	0.0	1	187 4
225	131	0.0	1	125 6
226	86	0.0	1	81 5
227	78	0.0	1	77 1
228	51	0.0	1	50 1
229	38	0.0	1	33 5
230	29	0.0	1	26 3
231	20	0.0	1	18 2
232	26	0.0	1	21 5
233	30	0.0	1	29 1
234	27	0.0	1	21 6
235	23	0.0	1	22 1
236	36	0.0	1	33 3
237	40	0.0	1	36 4
238	25	0.0	1	22 3
239	41	0.0	1	39 2
240	45	0.0	1	42 3
241	67	0.0	1	63 4
242	77	0.0	1	69 8
243	47	0.0	1	45 2
244	35	0.0	1	30 5
245	29	0.0	1	23 6
246	13	0.0	1	10 3
247	29	0.0	1	24 5
248	30	0.0	1	25 5
249	73	0.0	1	31 42
250	1162	0.0	1	62 1100

RUN STATISTICS FOR INPUT FILE: SRR29695153_1.fastq.gz
=============================================
2222565 sequences processed in total

