
SUMMARISING RUN PARAMETERS
==========================
Input filename: SRR29695112_1.fastq.gz
Trimming mode: paired-end
Trim Galore version: 0.6.10
Cutadapt version: 4.4
Number of cores used for trimming: 1
Quality Phred score cutoff: 30
Quality encoding type selected: ASCII+33
Using Illumina adapter for trimming (count: 488114). Second best hit was smallRNA (count: 10)
Adapter sequence: 'AGATCGGAAGAGC' (Illumina TruSeq, Sanger iPCR; auto-detected)
Maximum trimming error rate: 0.1 (default)
Minimum required adapter overlap (stringency): 1 bp
Minimum required sequence length for both reads before a sequence pair gets removed: 20 bp
Output file will be GZIP compressed


This is cutadapt 4.4 with Python 3.12.3
Command line parameters: -j 1 -e 0.1 -q 30 -O 1 -a AGATCGGAAGAGC SRR29695112_1.fastq.gz
Processing single-end reads on 1 core ...
Finished in 114.043 s (51.270 µs/read; 1.17 M reads/minute).

=== Summary ===

Total reads processed:               2,224,340
Reads with adapters:                 1,444,343 (64.9%)
Reads written (passing filters):     2,224,340 (100.0%)

Total basepairs processed:   556,085,000 bp
Quality-trimmed:              10,795,010 bp (1.9%)
Total written (filtered):    471,277,420 bp (84.7%)

=== Adapter 1 ===

Sequence: AGATCGGAAGAGC; Type: regular 3'; Length: 13; Trimmed: 1444343 times

Minimum overlap: 1
No. of allowed errors:
1-9 bp: 0; 10-13 bp: 1

Bases preceding removed adapters:
  A: 14.3%
  C: 42.3%
  G: 28.9%
  T: 14.4%
  none/other: 0.1%

Overview of removed sequences
length	count	expect	max.err	error counts
1	169860	556085.0	0	169860
2	54897	139021.2	0	54897
3	18856	34755.3	0	18856
4	11301	8688.8	0	11301
5	11279	2172.2	0	11279
6	9323	543.1	0	9323
7	9617	135.8	0	9617
8	11438	33.9	0	11438
9	7707	8.5	0	7668 39
10	9025	2.1	1	8734 291
11	9937	0.5	1	9557 380
12	9553	0.1	1	9217 336
13	10047	0.0	1	9659 388
14	9685	0.0	1	9328 357
15	10524	0.0	1	10079 445
16	9963	0.0	1	9512 451
17	12966	0.0	1	12247 719
18	10047	0.0	1	9629 418
19	9026	0.0	1	8725 301
20	10874	0.0	1	10438 436
21	11038	0.0	1	10557 481
22	10704	0.0	1	10284 420
23	11266	0.0	1	10855 411
24	10423	0.0	1	9965 458
25	11314	0.0	1	10906 408
26	10258	0.0	1	9943 315
27	11999	0.0	1	11585 414
28	12324	0.0	1	11898 426
29	10521	0.0	1	10142 379
30	10241	0.0	1	9935 306
31	10268	0.0	1	9941 327
32	11119	0.0	1	10761 358
33	11186	0.0	1	10769 417
34	14236	0.0	1	13651 585
35	13291	0.0	1	12900 391
36	9209	0.0	1	8832 377
37	14647	0.0	1	14045 602
38	10023	0.0	1	9706 317
39	12205	0.0	1	11782 423
40	11847	0.0	1	11341 506
41	26320	0.0	1	25253 1067
42	52010	0.0	1	50992 1018
43	18267	0.0	1	17636 631
44	18493	0.0	1	17588 905
45	104755	0.0	1	103530 1225
46	5632	0.0	1	5348 284
47	11132	0.0	1	10554 578
48	64160	0.0	1	63327 833
49	10350	0.0	1	10164 186
50	1441	0.0	1	1331 110
51	10862	0.0	1	10634 228
52	1789	0.0	1	1711 78
53	247	0.0	1	205 42
54	3724	0.0	1	3612 112
55	3542	0.0	1	3454 88
56	1376	0.0	1	1334 42
57	476	0.0	1	451 25
58	1208	0.0	1	1161 47
59	4307	0.0	1	4230 77
60	148	0.0	1	127 21
61	1666	0.0	1	1619 47
62	4126	0.0	1	4042 84
63	267	0.0	1	242 25
64	836	0.0	1	774 62
65	3989	0.0	1	3897 92
66	3814	0.0	1	3730 84
67	446	0.0	1	404 42
68	1867	0.0	1	1809 58
69	2509	0.0	1	2423 86
70	2224	0.0	1	2162 62
71	137	0.0	1	119 18
72	153	0.0	1	142 11
73	1071	0.0	1	1033 38
74	3223	0.0	1	3134 89
75	5789	0.0	1	5651 138
76	7517	0.0	1	7354 163
77	8144	0.0	1	7965 179
78	8789	0.0	1	8576 213
79	9004	0.0	1	8788 216
80	9091	0.0	1	8880 211
81	9386	0.0	1	9160 226
82	9080	0.0	1	8846 234
83	8984	0.0	1	8740 244
84	8990	0.0	1	8763 227
85	8796	0.0	1	8558 238
86	8647	0.0	1	8415 232
87	8565	0.0	1	8336 229
88	8547	0.0	1	8316 231
89	8354	0.0	1	8118 236
90	8292	0.0	1	8075 217
91	8151	0.0	1	7898 253
92	7889	0.0	1	7662 227
93	7997	0.0	1	7793 204
94	7865	0.0	1	7656 209
95	7766	0.0	1	7577 189
96	7385	0.0	1	7172 213
97	7349	0.0	1	7159 190
98	7027	0.0	1	6857 170
99	6875	0.0	1	6699 176
100	6729	0.0	1	6542 187
101	6598	0.0	1	6433 165
102	6619	0.0	1	6467 152
103	6468	0.0	1	6318 150
104	6286	0.0	1	6163 123
105	6123	0.0	1	5995 128
106	5997	0.0	1	5851 146
107	5846	0.0	1	5707 139
108	5571	0.0	1	5422 149
109	5406	0.0	1	5293 113
110	5342	0.0	1	5242 100
111	5182	0.0	1	5074 108
112	4990	0.0	1	4879 111
113	4899	0.0	1	4785 114
114	4900	0.0	1	4790 110
115	4742	0.0	1	4627 115
116	4586	0.0	1	4490 96
117	4458	0.0	1	4351 107
118	4266	0.0	1	4165 101
119	4066	0.0	1	3971 95
120	4029	0.0	1	3923 106
121	3859	0.0	1	3769 90
122	3835	0.0	1	3729 106
123	3599	0.0	1	3505 94
124	3617	0.0	1	3533 84
125	3433	0.0	1	3342 91
126	3342	0.0	1	3265 77
127	3250	0.0	1	3177 73
128	3162	0.0	1	3089 73
129	3018	0.0	1	2931 87
130	2980	0.0	1	2914 66
131	2963	0.0	1	2889 74
132	2722	0.0	1	2651 71
133	2662	0.0	1	2618 44
134	2551	0.0	1	2487 64
135	2541	0.0	1	2476 65
136	2460	0.0	1	2401 59
137	2245	0.0	1	2189 56
138	2285	0.0	1	2228 57
139	2219	0.0	1	2171 48
140	2044	0.0	1	2004 40
141	1987	0.0	1	1940 47
142	1825	0.0	1	1772 53
143	1790	0.0	1	1750 40
144	1720	0.0	1	1679 41
145	1724	0.0	1	1685 39
146	1666	0.0	1	1630 36
147	1607	0.0	1	1554 53
148	1563	0.0	1	1532 31
149	1510	0.0	1	1486 24
150	1425	0.0	1	1400 25
151	1367	0.0	1	1334 33
152	1349	0.0	1	1314 35
153	1352	0.0	1	1317 35
154	1271	0.0	1	1241 30
155	1213	0.0	1	1194 19
156	1151	0.0	1	1129 22
157	1048	0.0	1	1031 17
158	1142	0.0	1	1113 29
159	1107	0.0	1	1081 26
160	1048	0.0	1	1024 24
161	962	0.0	1	940 22
162	935	0.0	1	919 16
163	815	0.0	1	793 22
164	866	0.0	1	851 15
165	863	0.0	1	841 22
166	836	0.0	1	814 22
167	819	0.0	1	790 29
168	753	0.0	1	730 23
169	714	0.0	1	701 13
170	745	0.0	1	731 14
171	639	0.0	1	620 19
172	733	0.0	1	715 18
173	671	0.0	1	652 19
174	589	0.0	1	570 19
175	595	0.0	1	583 12
176	613	0.0	1	606 7
177	583	0.0	1	568 15
178	577	0.0	1	567 10
179	520	0.0	1	508 12
180	522	0.0	1	512 10
181	463	0.0	1	451 12
182	489	0.0	1	477 12
183	461	0.0	1	449 12
184	477	0.0	1	465 12
185	397	0.0	1	392 5
186	399	0.0	1	390 9
187	437	0.0	1	425 12
188	382	0.0	1	373 9
189	405	0.0	1	396 9
190	397	0.0	1	383 14
191	345	0.0	1	336 9
192	374	0.0	1	365 9
193	336	0.0	1	323 13
194	350	0.0	1	339 11
195	313	0.0	1	306 7
196	321	0.0	1	317 4
197	316	0.0	1	310 6
198	312	0.0	1	303 9
199	291	0.0	1	284 7
200	313	0.0	1	307 6
201	294	0.0	1	284 10
202	308	0.0	1	303 5
203	252	0.0	1	244 8
204	250	0.0	1	241 9
205	247	0.0	1	232 15
206	258	0.0	1	247 11
207	263	0.0	1	253 10
208	256	0.0	1	252 4
209	257	0.0	1	251 6
210	229	0.0	1	215 14
211	211	0.0	1	203 8
212	250	0.0	1	241 9
213	222	0.0	1	212 10
214	232	0.0	1	226 6
215	208	0.0	1	201 7
216	217	0.0	1	207 10
217	230	0.0	1	224 6
218	189	0.0	1	187 2
219	195	0.0	1	191 4
220	170	0.0	1	165 5
221	146	0.0	1	144 2
222	121	0.0	1	111 10
223	93	0.0	1	92 1
224	63	0.0	1	63
225	53	0.0	1	52 1
226	45	0.0	1	43 2
227	24	0.0	1	22 2
228	19	0.0	1	17 2
229	16	0.0	1	15 1
230	11	0.0	1	9 2
231	16	0.0	1	15 1
232	14	0.0	1	13 1
233	12	0.0	1	10 2
234	16	0.0	1	15 1
235	20	0.0	1	20
236	19	0.0	1	19
237	18	0.0	1	15 3
238	24	0.0	1	23 1
239	35	0.0	1	34 1
240	30	0.0	1	24 6
241	55	0.0	1	54 1
242	45	0.0	1	41 4
243	31	0.0	1	31
244	17	0.0	1	15 2
245	11	0.0	1	11
246	12	0.0	1	11 1
247	22	0.0	1	20 2
248	29	0.0	1	25 4
249	55	0.0	1	25 30
250	960	0.0	1	61 899

RUN STATISTICS FOR INPUT FILE: SRR29695112_1.fastq.gz
=============================================
2224340 sequences processed in total

