
SUMMARISING RUN PARAMETERS
==========================
Input filename: SRR29695112_2.fastq.gz
Trimming mode: paired-end
Trim Galore version: 0.6.10
Cutadapt version: 4.4
Number of cores used for trimming: 1
Quality Phred score cutoff: 30
Quality encoding type selected: ASCII+33
Using Illumina adapter for trimming (count: 488114). Second best hit was smallRNA (count: 10)
Adapter sequence: 'AGATCGGAAGAGC' (Illumina TruSeq, Sanger iPCR; auto-detected)
Maximum trimming error rate: 0.1 (default)
Minimum required adapter overlap (stringency): 1 bp
Minimum required sequence length for both reads before a sequence pair gets removed: 20 bp
Output file will be GZIP compressed


This is cutadapt 4.4 with Python 3.12.3
Command line parameters: -j 1 -e 0.1 -q 30 -O 1 -a AGATCGGAAGAGC SRR29695112_2.fastq.gz
Processing single-end reads on 1 core ...
Finished in 115.448 s (51.902 µs/read; 1.16 M reads/minute).

=== Summary ===

Total reads processed:               2,224,340
Reads with adapters:                 1,445,058 (65.0%)
Reads written (passing filters):     2,224,340 (100.0%)

Total basepairs processed:   556,085,000 bp
Quality-trimmed:              10,456,180 bp (1.9%)
Total written (filtered):    470,513,793 bp (84.6%)

=== Adapter 1 ===

Sequence: AGATCGGAAGAGC; Type: regular 3'; Length: 13; Trimmed: 1445058 times

Minimum overlap: 1
No. of allowed errors:
1-9 bp: 0; 10-13 bp: 1

Bases preceding removed adapters:
  A: 14.2%
  C: 42.4%
  G: 28.9%
  T: 14.4%
  none/other: 0.0%

Overview of removed sequences
length	count	expect	max.err	error counts
1	168229	556085.0	0	168229
2	58154	139021.2	0	58154
3	18493	34755.3	0	18493
4	10718	8688.8	0	10718
5	11782	2172.2	0	11782
6	9491	543.1	0	9491
7	10010	135.8	0	10010
8	12096	33.9	0	12096
9	6592	8.5	0	6556 36
10	10635	2.1	1	10199 436
11	8658	0.5	1	8284 374
12	10103	0.1	1	9701 402
13	10009	0.0	1	9561 448
14	11397	0.0	1	10697 700
15	9880	0.0	1	9308 572
16	10021	0.0	1	9280 741
17	11209	0.0	1	10414 795
18	9105	0.0	1	8384 721
19	13767	0.0	1	12921 846
20	9688	0.0	1	9233 455
21	8793	0.0	1	8358 435
22	10312	0.0	1	9941 371
23	10472	0.0	1	9938 534
24	13501	0.0	1	12505 996
25	13478	0.0	1	12701 777
26	7728	0.0	1	7242 486
27	9598	0.0	1	9099 499
28	10897	0.0	1	10489 408
29	9939	0.0	1	9423 516
30	10800	0.0	1	10411 389
31	10569	0.0	1	10215 354
32	10814	0.0	1	10416 398
33	11046	0.0	1	10682 364
34	10595	0.0	1	10043 552
35	12564	0.0	1	11918 646
36	11335	0.0	1	10720 615
37	13456	0.0	1	12656 800
38	12760	0.0	1	12022 738
39	11393	0.0	1	10774 619
40	10341	0.0	1	9984 357
41	11080	0.0	1	10690 390
42	13537	0.0	1	12921 616
43	11354	0.0	1	10930 424
44	14472	0.0	1	13817 655
45	23419	0.0	1	22525 894
46	24765	0.0	1	23729 1036
47	49244	0.0	1	47867 1377
48	7617	0.0	1	7212 405
49	15325	0.0	1	14743 582
50	6128	0.0	1	5809 319
51	11407	0.0	1	10882 525
52	7974	0.0	1	7465 509
53	12305	0.0	1	11631 674
54	26720	0.0	1	25770 950
55	4897	0.0	1	4514 383
56	16348	0.0	1	15249 1099
57	52077	0.0	1	50687 1390
58	19642	0.0	1	19144 498
59	2123	0.0	1	1930 193
60	19429	0.0	1	18870 559
61	3328	0.0	1	3204 124
62	1376	0.0	1	1231 145
63	13956	0.0	1	13552 404
64	1965	0.0	1	1874 91
65	1070	0.0	1	1018 52
66	2537	0.0	1	2410 127
67	2937	0.0	1	2834 103
68	2430	0.0	1	2319 111
69	3051	0.0	1	2946 105
70	4516	0.0	1	4394 122
71	2461	0.0	1	2388 73
72	1771	0.0	1	1703 68
73	2525	0.0	1	2442 83
74	1292	0.0	1	1229 63
75	1611	0.0	1	1554 57
76	1730	0.0	1	1675 55
77	4223	0.0	1	4074 149
78	6770	0.0	1	6560 210
79	8024	0.0	1	7739 285
80	8559	0.0	1	8331 228
81	8909	0.0	1	8704 205
82	8832	0.0	1	8588 244
83	8780	0.0	1	8519 261
84	8917	0.0	1	8651 266
85	8718	0.0	1	8498 220
86	8593	0.0	1	8348 245
87	8422	0.0	1	8177 245
88	8440	0.0	1	8220 220
89	8204	0.0	1	7974 230
90	8214	0.0	1	7988 226
91	8021	0.0	1	7786 235
92	7758	0.0	1	7570 188
93	7893	0.0	1	7712 181
94	7691	0.0	1	7492 199
95	7657	0.0	1	7451 206
96	7275	0.0	1	7075 200
97	7228	0.0	1	7057 171
98	6956	0.0	1	6809 147
99	6824	0.0	1	6682 142
100	6630	0.0	1	6470 160
101	6543	0.0	1	6400 143
102	6512	0.0	1	6361 151
103	6317	0.0	1	6167 150
104	6191	0.0	1	6011 180
105	6015	0.0	1	5872 143
106	5914	0.0	1	5781 133
107	5765	0.0	1	5636 129
108	5487	0.0	1	5360 127
109	5326	0.0	1	5202 124
110	5211	0.0	1	5086 125
111	5120	0.0	1	5007 113
112	4940	0.0	1	4832 108
113	4888	0.0	1	4782 106
114	4833	0.0	1	4717 116
115	4714	0.0	1	4572 142
116	4509	0.0	1	4373 136
117	4396	0.0	1	4268 128
118	4200	0.0	1	4095 105
119	4045	0.0	1	3946 99
120	3925	0.0	1	3836 89
121	3810	0.0	1	3717 93
122	3769	0.0	1	3668 101
123	3529	0.0	1	3426 103
124	3555	0.0	1	3462 93
125	3381	0.0	1	3315 66
126	3292	0.0	1	3216 76
127	3245	0.0	1	3160 85
128	3120	0.0	1	3045 75
129	2965	0.0	1	2885 80
130	2934	0.0	1	2857 77
131	2907	0.0	1	2858 49
132	2687	0.0	1	2644 43
133	2604	0.0	1	2534 70
134	2508	0.0	1	2466 42
135	2489	0.0	1	2433 56
136	2438	0.0	1	2397 41
137	2225	0.0	1	2187 38
138	2232	0.0	1	2173 59
139	2195	0.0	1	2143 52
140	2013	0.0	1	1969 44
141	1938	0.0	1	1908 30
142	1801	0.0	1	1752 49
143	1772	0.0	1	1735 37
144	1679	0.0	1	1637 42
145	1691	0.0	1	1661 30
146	1618	0.0	1	1575 43
147	1592	0.0	1	1557 35
148	1520	0.0	1	1491 29
149	1478	0.0	1	1447 31
150	1403	0.0	1	1376 27
151	1335	0.0	1	1311 24
152	1340	0.0	1	1312 28
153	1327	0.0	1	1303 24
154	1253	0.0	1	1223 30
155	1195	0.0	1	1163 32
156	1152	0.0	1	1130 22
157	1047	0.0	1	1022 25
158	1124	0.0	1	1100 24
159	1084	0.0	1	1067 17
160	1027	0.0	1	1004 23
161	956	0.0	1	937 19
162	935	0.0	1	916 19
163	796	0.0	1	769 27
164	865	0.0	1	847 18
165	849	0.0	1	834 15
166	828	0.0	1	812 16
167	809	0.0	1	794 15
168	737	0.0	1	726 11
169	719	0.0	1	702 17
170	728	0.0	1	712 16
171	625	0.0	1	611 14
172	715	0.0	1	699 16
173	676	0.0	1	656 20
174	584	0.0	1	581 3
175	597	0.0	1	585 12
176	611	0.0	1	602 9
177	585	0.0	1	574 11
178	564	0.0	1	555 9
179	519	0.0	1	511 8
180	521	0.0	1	513 8
181	458	0.0	1	448 10
182	495	0.0	1	485 10
183	447	0.0	1	436 11
184	482	0.0	1	473 9
185	383	0.0	1	377 6
186	398	0.0	1	387 11
187	432	0.0	1	419 13
188	379	0.0	1	375 4
189	405	0.0	1	399 6
190	391	0.0	1	383 8
191	343	0.0	1	336 7
192	374	0.0	1	369 5
193	328	0.0	1	317 11
194	356	0.0	1	345 11
195	302	0.0	1	294 8
196	319	0.0	1	310 9
197	318	0.0	1	313 5
198	306	0.0	1	299 7
199	288	0.0	1	285 3
200	314	0.0	1	306 8
201	288	0.0	1	278 10
202	311	0.0	1	305 6
203	247	0.0	1	245 2
204	246	0.0	1	239 7
205	244	0.0	1	240 4
206	249	0.0	1	246 3
207	262	0.0	1	255 7
208	255	0.0	1	249 6
209	259	0.0	1	250 9
210	228	0.0	1	218 10
211	213	0.0	1	211 2
212	249	0.0	1	243 6
213	218	0.0	1	215 3
214	227	0.0	1	223 4
215	206	0.0	1	198 8
216	215	0.0	1	208 7
217	233	0.0	1	228 5
218	188	0.0	1	187 1
219	193	0.0	1	185 8
220	173	0.0	1	166 7
221	146	0.0	1	145 1
222	116	0.0	1	112 4
223	91	0.0	1	90 1
224	66	0.0	1	66
225	49	0.0	1	49
226	48	0.0	1	46 2
227	24	0.0	1	22 2
228	18	0.0	1	17 1
229	20	0.0	1	15 5
230	12	0.0	1	10 2
231	15	0.0	1	14 1
232	11	0.0	1	11
233	11	0.0	1	11
234	17	0.0	1	15 2
235	22	0.0	1	20 2
236	21	0.0	1	18 3
237	19	0.0	1	16 3
238	25	0.0	1	24 1
239	35	0.0	1	33 2
240	27	0.0	1	23 4
241	57	0.0	1	54 3
242	42	0.0	1	41 1
243	31	0.0	1	29 2
244	16	0.0	1	15 1
245	15	0.0	1	12 3
246	13	0.0	1	11 2
247	19	0.0	1	19
248	27	0.0	1	26 1
249	27	0.0	1	26 1
250	67	0.0	1	63 4

RUN STATISTICS FOR INPUT FILE: SRR29695112_2.fastq.gz
=============================================
2224340 sequences processed in total

Total number of sequences analysed for the sequence pair length validation: 2224340

Number of sequence pairs removed because at least one read was shorter than the length cutoff (20 bp): 16773 (0.75%)
