
SUMMARISING RUN PARAMETERS
==========================
Input filename: SRR29654663_2.fastq.gz
Trimming mode: paired-end
Trim Galore version: 0.6.10
Cutadapt version: 4.4
Number of cores used for trimming: 1
Quality Phred score cutoff: 30
Quality encoding type selected: ASCII+33
Using Illumina adapter for trimming (count: 311528). Second best hit was Nextera (count: 0)
Adapter sequence: 'AGATCGGAAGAGC' (Illumina TruSeq, Sanger iPCR; auto-detected)
Maximum trimming error rate: 0.1 (default)
Minimum required adapter overlap (stringency): 1 bp
Minimum required sequence length for both reads before a sequence pair gets removed: 20 bp
Output file will be GZIP compressed


This is cutadapt 4.4 with Python 3.12.3
Command line parameters: -j 1 -e 0.1 -q 30 -O 1 -a AGATCGGAAGAGC SRR29654663_2.fastq.gz
Processing single-end reads on 1 core ...
Finished in 120.116 s (53.949 µs/read; 1.11 M reads/minute).

=== Summary ===

Total reads processed:               2,226,459
Reads with adapters:                 1,112,692 (50.0%)
Reads written (passing filters):     2,226,459 (100.0%)

Total basepairs processed:   556,614,750 bp
Quality-trimmed:              11,982,590 bp (2.2%)
Total written (filtered):    497,453,729 bp (89.4%)

=== Adapter 1 ===

Sequence: AGATCGGAAGAGC; Type: regular 3'; Length: 13; Trimmed: 1112692 times

Minimum overlap: 1
No. of allowed errors:
1-9 bp: 0; 10-13 bp: 1

Bases preceding removed adapters:
  A: 14.6%
  C: 42.7%
  G: 29.7%
  T: 13.0%
  none/other: 0.0%

Overview of removed sequences
length	count	expect	max.err	error counts
1	223711	556614.8	0	223711
2	78062	139153.7	0	78062
3	19320	34788.4	0	19320
4	10694	8697.1	0	10694
5	10914	2174.3	0	10914
6	8536	543.6	0	8536
7	8992	135.9	0	8992
8	10701	34.0	0	10701
9	5213	8.5	0	5163 50
10	8501	2.1	1	8065 436
11	7384	0.5	1	7067 317
12	8520	0.1	1	8145 375
13	8445	0.0	1	7967 478
14	10039	0.0	1	9337 702
15	7865	0.0	1	7368 497
16	8276	0.0	1	7634 642
17	11367	0.0	1	10396 971
18	5288	0.0	1	4814 474
19	10952	0.0	1	10172 780
20	7200	0.0	1	6809 391
21	6644	0.0	1	6301 343
22	8089	0.0	1	7737 352
23	7919	0.0	1	7446 473
24	10133	0.0	1	9332 801
25	10159	0.0	1	9522 637
26	5637	0.0	1	5198 439
27	7126	0.0	1	6685 441
28	8307	0.0	1	7946 361
29	7349	0.0	1	6955 394
30	7870	0.0	1	7484 386
31	8170	0.0	1	7822 348
32	7705	0.0	1	7349 356
33	9233	0.0	1	8756 477
34	7900	0.0	1	7443 457
35	7581	0.0	1	7202 379
36	7978	0.0	1	7494 484
37	7673	0.0	1	7151 522
38	10936	0.0	1	10106 830
39	8740	0.0	1	8275 465
40	8235	0.0	1	7784 451
41	7000	0.0	1	6678 322
42	8999	0.0	1	8566 433
43	7627	0.0	1	7261 366
44	11029	0.0	1	10442 587
45	18427	0.0	1	17736 691
46	18016	0.0	1	17025 991
47	43546	0.0	1	42186 1360
48	5154	0.0	1	4862 292
49	9189	0.0	1	8881 308
50	2827	0.0	1	2633 194
51	6052	0.0	1	5738 314
52	3634	0.0	1	3338 296
53	7430	0.0	1	6899 531
54	16285	0.0	1	15646 639
55	1932	0.0	1	1706 226
56	8770	0.0	1	8042 728
57	26150	0.0	1	25186 964
58	5089	0.0	1	4900 189
59	690	0.0	1	572 118
60	8449	0.0	1	8118 331
61	862	0.0	1	811 51
62	539	0.0	1	465 74
63	7101	0.0	1	6856 245
64	834	0.0	1	761 73
65	286	0.0	1	250 36
66	844	0.0	1	778 66
67	908	0.0	1	860 48
68	725	0.0	1	679 46
69	1090	0.0	1	1035 55
70	1490	0.0	1	1425 65
71	701	0.0	1	673 28
72	525	0.0	1	496 29
73	704	0.0	1	671 33
74	457	0.0	1	428 29
75	666	0.0	1	645 21
76	908	0.0	1	873 35
77	2464	0.0	1	2361 103
78	3810	0.0	1	3639 171
79	4458	0.0	1	4262 196
80	4706	0.0	1	4546 160
81	4766	0.0	1	4596 170
82	4830	0.0	1	4685 145
83	4796	0.0	1	4640 156
84	4877	0.0	1	4695 182
85	4746	0.0	1	4590 156
86	4735	0.0	1	4536 199
87	4610	0.0	1	4420 190
88	4590	0.0	1	4438 152
89	4518	0.0	1	4361 157
90	4254	0.0	1	4086 168
91	4388	0.0	1	4248 140
92	4326	0.0	1	4195 131
93	4324	0.0	1	4214 110
94	4133	0.0	1	4004 129
95	4132	0.0	1	4022 110
96	3993	0.0	1	3847 146
97	4155	0.0	1	4045 110
98	3827	0.0	1	3726 101
99	3855	0.0	1	3748 107
100	3675	0.0	1	3573 102
101	3638	0.0	1	3541 97
102	3489	0.0	1	3385 104
103	3485	0.0	1	3393 92
104	3430	0.0	1	3317 113
105	3370	0.0	1	3276 94
106	3297	0.0	1	3202 95
107	3147	0.0	1	3053 94
108	3151	0.0	1	3071 80
109	3091	0.0	1	3002 89
110	2993	0.0	1	2913 80
111	2946	0.0	1	2856 90
112	2929	0.0	1	2856 73
113	2776	0.0	1	2724 52
114	2799	0.0	1	2711 88
115	2587	0.0	1	2491 96
116	2626	0.0	1	2528 98
117	2522	0.0	1	2443 79
118	2344	0.0	1	2268 76
119	2321	0.0	1	2250 71
120	2316	0.0	1	2252 64
121	2257	0.0	1	2192 65
122	2269	0.0	1	2200 69
123	2251	0.0	1	2174 77
124	2138	0.0	1	2069 69
125	2072	0.0	1	2011 61
126	2101	0.0	1	2036 65
127	2026	0.0	1	1960 66
128	1919	0.0	1	1883 36
129	1816	0.0	1	1764 52
130	1924	0.0	1	1880 44
131	1809	0.0	1	1771 38
132	1701	0.0	1	1657 44
133	1706	0.0	1	1646 60
134	1690	0.0	1	1640 50
135	1572	0.0	1	1538 34
136	1591	0.0	1	1550 41
137	1531	0.0	1	1492 39
138	1580	0.0	1	1527 53
139	1489	0.0	1	1429 60
140	1456	0.0	1	1417 39
141	1374	0.0	1	1324 50
142	1329	0.0	1	1274 55
143	1294	0.0	1	1246 48
144	1292	0.0	1	1249 43
145	1238	0.0	1	1208 30
146	1238	0.0	1	1197 41
147	1127	0.0	1	1095 32
148	1168	0.0	1	1124 44
149	1128	0.0	1	1096 32
150	1150	0.0	1	1118 32
151	1020	0.0	1	989 31
152	1044	0.0	1	1005 39
153	998	0.0	1	968 30
154	891	0.0	1	862 29
155	997	0.0	1	962 35
156	892	0.0	1	869 23
157	855	0.0	1	833 22
158	823	0.0	1	796 27
159	808	0.0	1	788 20
160	792	0.0	1	764 28
161	763	0.0	1	745 18
162	716	0.0	1	683 33
163	766	0.0	1	745 21
164	684	0.0	1	670 14
165	664	0.0	1	645 19
166	673	0.0	1	657 16
167	694	0.0	1	670 24
168	634	0.0	1	621 13
169	590	0.0	1	571 19
170	622	0.0	1	611 11
171	574	0.0	1	557 17
172	534	0.0	1	519 15
173	515	0.0	1	496 19
174	498	0.0	1	473 25
175	514	0.0	1	490 24
176	484	0.0	1	470 14
177	495	0.0	1	482 13
178	456	0.0	1	442 14
179	494	0.0	1	477 17
180	460	0.0	1	446 14
181	422	0.0	1	404 18
182	395	0.0	1	387 8
183	383	0.0	1	375 8
184	416	0.0	1	407 9
185	375	0.0	1	363 12
186	368	0.0	1	354 14
187	373	0.0	1	360 13
188	336	0.0	1	329 7
189	325	0.0	1	320 5
190	350	0.0	1	341 9
191	297	0.0	1	290 7
192	283	0.0	1	273 10
193	255	0.0	1	248 7
194	277	0.0	1	270 7
195	284	0.0	1	276 8
196	280	0.0	1	271 9
197	292	0.0	1	278 14
198	285	0.0	1	276 9
199	267	0.0	1	257 10
200	279	0.0	1	272 7
201	258	0.0	1	240 18
202	246	0.0	1	241 5
203	240	0.0	1	231 9
204	216	0.0	1	208 8
205	230	0.0	1	225 5
206	216	0.0	1	210 6
207	238	0.0	1	231 7
208	200	0.0	1	195 5
209	223	0.0	1	216 7
210	231	0.0	1	222 9
211	190	0.0	1	180 10
212	197	0.0	1	189 8
213	211	0.0	1	203 8
214	183	0.0	1	174 9
215	180	0.0	1	173 7
216	190	0.0	1	186 4
217	198	0.0	1	196 2
218	171	0.0	1	158 13
219	174	0.0	1	171 3
220	163	0.0	1	158 5
221	162	0.0	1	157 5
222	122	0.0	1	114 8
223	124	0.0	1	119 5
224	74	0.0	1	72 2
225	66	0.0	1	65 1
226	69	0.0	1	66 3
227	45	0.0	1	40 5
228	33	0.0	1	33
229	21	0.0	1	17 4
230	19	0.0	1	14 5
231	22	0.0	1	20 2
232	20	0.0	1	15 5
233	11	0.0	1	11
234	15	0.0	1	14 1
235	19	0.0	1	17 2
236	16	0.0	1	13 3
237	19	0.0	1	15 4
238	20	0.0	1	17 3
239	33	0.0	1	29 4
240	36	0.0	1	35 1
241	30	0.0	1	29 1
242	44	0.0	1	41 3
243	19	0.0	1	18 1
244	23	0.0	1	21 2
245	23	0.0	1	21 2
246	31	0.0	1	27 4
247	40	0.0	1	36 4
248	25	0.0	1	22 3
249	18	0.0	1	14 4
250	86	0.0	1	57 29

RUN STATISTICS FOR INPUT FILE: SRR29654663_2.fastq.gz
=============================================
2226459 sequences processed in total

Total number of sequences analysed for the sequence pair length validation: 2226459

Number of sequence pairs removed because at least one read was shorter than the length cutoff (20 bp): 22115 (0.99%)
