
SUMMARISING RUN PARAMETERS
==========================
Input filename: SRR29654667_1.fastq.gz
Trimming mode: paired-end
Trim Galore version: 0.6.10
Cutadapt version: 4.4
Number of cores used for trimming: 1
Quality Phred score cutoff: 30
Quality encoding type selected: ASCII+33
Using Illumina adapter for trimming (count: 145531). Second best hit was smallRNA (count: 13)
Adapter sequence: 'AGATCGGAAGAGC' (Illumina TruSeq, Sanger iPCR; auto-detected)
Maximum trimming error rate: 0.1 (default)
Minimum required adapter overlap (stringency): 1 bp
Minimum required sequence length for both reads before a sequence pair gets removed: 20 bp
Output file will be GZIP compressed


This is cutadapt 4.4 with Python 3.12.3
Command line parameters: -j 1 -e 0.1 -q 30 -O 1 -a AGATCGGAAGAGC SRR29654667_1.fastq.gz
Processing single-end reads on 1 core ...
Finished in 126.040 s (56.309 µs/read; 1.07 M reads/minute).

=== Summary ===

Total reads processed:               2,238,358
Reads with adapters:                   818,212 (36.6%)
Reads written (passing filters):     2,238,358 (100.0%)

Total basepairs processed:   559,589,500 bp
Quality-trimmed:               6,257,105 bp (1.1%)
Total written (filtered):    532,489,996 bp (95.2%)

=== Adapter 1 ===

Sequence: AGATCGGAAGAGC; Type: regular 3'; Length: 13; Trimmed: 818212 times

Minimum overlap: 1
No. of allowed errors:
1-9 bp: 0; 10-13 bp: 1

Bases preceding removed adapters:
  A: 15.5%
  C: 42.6%
  G: 29.3%
  T: 12.3%
  none/other: 0.3%

Overview of removed sequences
length	count	expect	max.err	error counts
1	299364	559589.5	0	299364
2	92343	139897.4	0	92343
3	23052	34974.3	0	23052
4	11091	8743.6	0	11091
5	9836	2185.9	0	9836
6	7666	546.5	0	7666
7	7102	136.6	0	7102
8	8311	34.2	0	8311
9	5598	8.5	0	5532 66
10	6159	2.1	1	5922 237
11	6599	0.5	1	6306 293
12	6252	0.1	1	6026 226
13	6662	0.0	1	6421 241
14	6465	0.0	1	6248 217
15	6617	0.0	1	6354 263
16	6249	0.0	1	5995 254
17	7767	0.0	1	7429 338
18	5890	0.0	1	5669 221
19	5405	0.0	1	5215 190
20	5962	0.0	1	5738 224
21	6179	0.0	1	5956 223
22	5631	0.0	1	5405 226
23	5824	0.0	1	5603 221
24	5388	0.0	1	5172 216
25	5673	0.0	1	5515 158
26	5208	0.0	1	5058 150
27	5671	0.0	1	5481 190
28	5520	0.0	1	5325 195
29	5207	0.0	1	5058 149
30	4949	0.0	1	4833 116
31	4454	0.0	1	4326 128
32	5023	0.0	1	4875 148
33	4928	0.0	1	4777 151
34	5027	0.0	1	4856 171
35	5604	0.0	1	5374 230
36	4659	0.0	1	4506 153
37	4380	0.0	1	4246 134
38	4541	0.0	1	4423 118
39	4850	0.0	1	4671 179
40	5396	0.0	1	5193 203
41	5282	0.0	1	5129 153
42	7164	0.0	1	6982 182
43	3620	0.0	1	3478 142
44	5366	0.0	1	5171 195
45	8511	0.0	1	8322 189
46	1374	0.0	1	1312 62
47	2385	0.0	1	2290 95
48	4438	0.0	1	4297 141
49	3909	0.0	1	3795 114
50	2165	0.0	1	2091 74
51	5055	0.0	1	4927 128
52	3680	0.0	1	3589 91
53	1723	0.0	1	1663 60
54	2539	0.0	1	2453 86
55	4526	0.0	1	4429 97
56	3335	0.0	1	3260 75
57	3274	0.0	1	3212 62
58	3649	0.0	1	3580 69
59	3782	0.0	1	3695 87
60	910	0.0	1	886 24
61	1850	0.0	1	1804 46
62	3511	0.0	1	3466 45
63	1504	0.0	1	1473 31
64	1706	0.0	1	1667 39
65	1603	0.0	1	1561 42
66	3109	0.0	1	3061 48
67	1082	0.0	1	1060 22
68	1503	0.0	1	1475 28
69	906	0.0	1	875 31
70	687	0.0	1	665 22
71	31	0.0	1	26 5
72	76	0.0	1	67 9
73	441	0.0	1	421 20
74	925	0.0	1	906 19
75	1268	0.0	1	1235 33
76	1414	0.0	1	1381 33
77	1534	0.0	1	1503 31
78	1564	0.0	1	1522 42
79	1612	0.0	1	1574 38
80	1513	0.0	1	1475 38
81	1530	0.0	1	1488 42
82	1648	0.0	1	1604 44
83	1433	0.0	1	1400 33
84	1415	0.0	1	1380 35
85	1394	0.0	1	1341 53
86	1386	0.0	1	1347 39
87	1335	0.0	1	1293 42
88	1256	0.0	1	1220 36
89	1197	0.0	1	1172 25
90	1263	0.0	1	1237 26
91	1099	0.0	1	1063 36
92	1143	0.0	1	1114 29
93	1080	0.0	1	1039 41
94	1085	0.0	1	1051 34
95	1082	0.0	1	1063 19
96	1017	0.0	1	981 36
97	977	0.0	1	938 39
98	1006	0.0	1	976 30
99	1002	0.0	1	971 31
100	948	0.0	1	923 25
101	983	0.0	1	951 32
102	925	0.0	1	898 27
103	895	0.0	1	870 25
104	892	0.0	1	868 24
105	862	0.0	1	835 27
106	742	0.0	1	727 15
107	816	0.0	1	792 24
108	787	0.0	1	767 20
109	745	0.0	1	721 24
110	754	0.0	1	739 15
111	684	0.0	1	667 17
112	667	0.0	1	646 21
113	715	0.0	1	699 16
114	698	0.0	1	683 15
115	620	0.0	1	603 17
116	676	0.0	1	659 17
117	665	0.0	1	651 14
118	634	0.0	1	615 19
119	636	0.0	1	619 17
120	583	0.0	1	569 14
121	556	0.0	1	536 20
122	546	0.0	1	527 19
123	552	0.0	1	536 16
124	523	0.0	1	505 18
125	539	0.0	1	520 19
126	494	0.0	1	481 13
127	534	0.0	1	518 16
128	480	0.0	1	464 16
129	458	0.0	1	438 20
130	440	0.0	1	431 9
131	449	0.0	1	442 7
132	447	0.0	1	429 18
133	438	0.0	1	425 13
134	462	0.0	1	450 12
135	453	0.0	1	444 9
136	402	0.0	1	393 9
137	406	0.0	1	394 12
138	379	0.0	1	368 11
139	376	0.0	1	364 12
140	373	0.0	1	363 10
141	363	0.0	1	351 12
142	357	0.0	1	347 10
143	346	0.0	1	333 13
144	356	0.0	1	348 8
145	399	0.0	1	385 14
146	350	0.0	1	341 9
147	341	0.0	1	332 9
148	308	0.0	1	299 9
149	288	0.0	1	280 8
150	350	0.0	1	343 7
151	353	0.0	1	339 14
152	319	0.0	1	312 7
153	306	0.0	1	296 10
154	295	0.0	1	282 13
155	259	0.0	1	249 10
156	293	0.0	1	286 7
157	327	0.0	1	318 9
158	302	0.0	1	294 8
159	254	0.0	1	251 3
160	308	0.0	1	296 12
161	250	0.0	1	242 8
162	260	0.0	1	249 11
163	278	0.0	1	273 5
164	257	0.0	1	248 9
165	260	0.0	1	251 9
166	292	0.0	1	287 5
167	270	0.0	1	266 4
168	269	0.0	1	258 11
169	231	0.0	1	228 3
170	258	0.0	1	248 10
171	244	0.0	1	237 7
172	213	0.0	1	206 7
173	216	0.0	1	211 5
174	224	0.0	1	217 7
175	262	0.0	1	249 13
176	251	0.0	1	244 7
177	252	0.0	1	244 8
178	237	0.0	1	225 12
179	244	0.0	1	235 9
180	219	0.0	1	214 5
181	203	0.0	1	194 9
182	227	0.0	1	215 12
183	224	0.0	1	215 9
184	240	0.0	1	232 8
185	189	0.0	1	185 4
186	230	0.0	1	222 8
187	220	0.0	1	209 11
188	222	0.0	1	217 5
189	232	0.0	1	221 11
190	230	0.0	1	221 9
191	231	0.0	1	222 9
192	221	0.0	1	207 14
193	219	0.0	1	215 4
194	217	0.0	1	212 5
195	226	0.0	1	218 8
196	233	0.0	1	230 3
197	201	0.0	1	196 5
198	216	0.0	1	210 6
199	242	0.0	1	232 10
200	220	0.0	1	215 5
201	229	0.0	1	221 8
202	230	0.0	1	224 6
203	234	0.0	1	225 9
204	223	0.0	1	218 5
205	211	0.0	1	206 5
206	255	0.0	1	251 4
207	251	0.0	1	244 7
208	233	0.0	1	227 6
209	257	0.0	1	251 6
210	269	0.0	1	259 10
211	268	0.0	1	258 10
212	263	0.0	1	246 17
213	284	0.0	1	276 8
214	261	0.0	1	257 4
215	260	0.0	1	254 6
216	300	0.0	1	290 10
217	311	0.0	1	298 13
218	317	0.0	1	309 8
219	323	0.0	1	312 11
220	318	0.0	1	310 8
221	305	0.0	1	296 9
222	299	0.0	1	286 13
223	261	0.0	1	257 4
224	231	0.0	1	226 5
225	188	0.0	1	183 5
226	182	0.0	1	176 6
227	165	0.0	1	163 2
228	188	0.0	1	185 3
229	103	0.0	1	100 3
230	79	0.0	1	75 4
231	53	0.0	1	50 3
232	39	0.0	1	36 3
233	29	0.0	1	28 1
234	29	0.0	1	25 4
235	33	0.0	1	28 5
236	41	0.0	1	38 3
237	25	0.0	1	22 3
238	52	0.0	1	47 5
239	49	0.0	1	43 6
240	78	0.0	1	72 6
241	119	0.0	1	111 8
242	146	0.0	1	137 9
243	153	0.0	1	143 10
244	57	0.0	1	51 6
245	35	0.0	1	32 3
246	33	0.0	1	27 6
247	57	0.0	1	54 3
248	58	0.0	1	52 6
249	109	0.0	1	40 69
250	2205	0.0	1	68 2137

RUN STATISTICS FOR INPUT FILE: SRR29654667_1.fastq.gz
=============================================
2238358 sequences processed in total

