
SUMMARISING RUN PARAMETERS
==========================
Input filename: SRR29654663_1.fastq.gz
Trimming mode: paired-end
Trim Galore version: 0.6.10
Cutadapt version: 4.4
Number of cores used for trimming: 1
Quality Phred score cutoff: 30
Quality encoding type selected: ASCII+33
Using Illumina adapter for trimming (count: 311528). Second best hit was Nextera (count: 0)
Adapter sequence: 'AGATCGGAAGAGC' (Illumina TruSeq, Sanger iPCR; auto-detected)
Maximum trimming error rate: 0.1 (default)
Minimum required adapter overlap (stringency): 1 bp
Minimum required sequence length for both reads before a sequence pair gets removed: 20 bp
Output file will be GZIP compressed


This is cutadapt 4.4 with Python 3.12.3
Command line parameters: -j 1 -e 0.1 -q 30 -O 1 -a AGATCGGAAGAGC SRR29654663_1.fastq.gz
Processing single-end reads on 1 core ...
Finished in 120.849 s (54.279 µs/read; 1.11 M reads/minute).

=== Summary ===

Total reads processed:               2,226,459
Reads with adapters:                 1,116,582 (50.2%)
Reads written (passing filters):     2,226,459 (100.0%)

Total basepairs processed:   556,614,750 bp
Quality-trimmed:               8,346,492 bp (1.5%)
Total written (filtered):    499,531,555 bp (89.7%)

=== Adapter 1 ===

Sequence: AGATCGGAAGAGC; Type: regular 3'; Length: 13; Trimmed: 1116582 times

Minimum overlap: 1
No. of allowed errors:
1-9 bp: 0; 10-13 bp: 1

Bases preceding removed adapters:
  A: 14.6%
  C: 42.7%
  G: 29.7%
  T: 12.9%
  none/other: 0.2%

Overview of removed sequences
length	count	expect	max.err	error counts
1	229782	556614.8	0	229782
2	73379	139153.7	0	73379
3	20075	34788.4	0	20075
4	11014	8697.1	0	11014
5	10416	2174.3	0	10416
6	8375	543.6	0	8375
7	8846	135.9	0	8846
8	9613	34.0	0	9613
9	5823	8.5	0	5783 40
10	7302	2.1	1	6990 312
11	8212	0.5	1	7848 364
12	7957	0.1	1	7643 314
13	8515	0.0	1	8167 348
14	7747	0.0	1	7429 318
15	8485	0.0	1	8088 397
16	8302	0.0	1	7926 376
17	10707	0.0	1	10046 661
18	7911	0.0	1	7567 344
19	7133	0.0	1	6899 234
20	8975	0.0	1	8604 371
21	8205	0.0	1	7801 404
22	7996	0.0	1	7634 362
23	8292	0.0	1	7970 322
24	7902	0.0	1	7555 347
25	8673	0.0	1	8343 330
26	7447	0.0	1	7192 255
27	8668	0.0	1	8366 302
28	9262	0.0	1	8941 321
29	8097	0.0	1	7784 313
30	7879	0.0	1	7659 220
31	7115	0.0	1	6873 242
32	8184	0.0	1	7876 308
33	7993	0.0	1	7668 325
34	8003	0.0	1	7671 332
35	8122	0.0	1	7784 338
36	11140	0.0	1	10624 516
37	8223	0.0	1	7919 304
38	7100	0.0	1	6831 269
39	8602	0.0	1	8312 290
40	8530	0.0	1	8208 322
41	9239	0.0	1	8859 380
42	11874	0.0	1	11452 422
43	12939	0.0	1	12532 407
44	9649	0.0	1	9290 359
45	21140	0.0	1	20668 472
46	2951	0.0	1	2798 153
47	4658	0.0	1	4456 202
48	9375	0.0	1	9087 288
49	7698	0.0	1	7494 204
50	4878	0.0	1	4673 205
51	10980	0.0	1	10633 347
52	7952	0.0	1	7771 181
53	3969	0.0	1	3836 133
54	6175	0.0	1	5960 215
55	11166	0.0	1	10918 248
56	8096	0.0	1	7905 191
57	8179	0.0	1	8030 149
58	9012	0.0	1	8850 162
59	9080	0.0	1	8926 154
60	2251	0.0	1	2178 73
61	4255	0.0	1	4131 124
62	8773	0.0	1	8617 156
63	3873	0.0	1	3776 97
64	4422	0.0	1	4322 100
65	4299	0.0	1	4177 122
66	7798	0.0	1	7668 130
67	2829	0.0	1	2751 78
68	4125	0.0	1	4048 77
69	2546	0.0	1	2468 78
70	2158	0.0	1	2114 44
71	92	0.0	1	81 11
72	219	0.0	1	201 18
73	1390	0.0	1	1342 48
74	2722	0.0	1	2630 92
75	3850	0.0	1	3747 103
76	4455	0.0	1	4349 106
77	4774	0.0	1	4653 121
78	4923	0.0	1	4806 117
79	4989	0.0	1	4857 132
80	4951	0.0	1	4805 146
81	4940	0.0	1	4828 112
82	5010	0.0	1	4892 118
83	4841	0.0	1	4710 131
84	4984	0.0	1	4835 149
85	4841	0.0	1	4687 154
86	4750	0.0	1	4606 144
87	4683	0.0	1	4529 154
88	4642	0.0	1	4506 136
89	4581	0.0	1	4449 132
90	4293	0.0	1	4151 142
91	4476	0.0	1	4330 146
92	4314	0.0	1	4187 127
93	4376	0.0	1	4240 136
94	4176	0.0	1	4053 123
95	4200	0.0	1	4079 121
96	4059	0.0	1	3930 129
97	4190	0.0	1	4051 139
98	3873	0.0	1	3739 134
99	3847	0.0	1	3747 100
100	3721	0.0	1	3622 99
101	3678	0.0	1	3583 95
102	3541	0.0	1	3459 82
103	3536	0.0	1	3458 78
104	3492	0.0	1	3401 91
105	3418	0.0	1	3332 86
106	3338	0.0	1	3240 98
107	3193	0.0	1	3112 81
108	3174	0.0	1	3095 79
109	3151	0.0	1	3072 79
110	3054	0.0	1	2982 72
111	2960	0.0	1	2903 57
112	2960	0.0	1	2886 74
113	2807	0.0	1	2735 72
114	2823	0.0	1	2748 75
115	2638	0.0	1	2568 70
116	2640	0.0	1	2583 57
117	2546	0.0	1	2472 74
118	2383	0.0	1	2325 58
119	2325	0.0	1	2265 60
120	2334	0.0	1	2268 66
121	2263	0.0	1	2201 62
122	2312	0.0	1	2252 60
123	2246	0.0	1	2191 55
124	2172	0.0	1	2118 54
125	2085	0.0	1	2028 57
126	2103	0.0	1	2039 64
127	2041	0.0	1	1984 57
128	1968	0.0	1	1919 49
129	1815	0.0	1	1761 54
130	1928	0.0	1	1883 45
131	1827	0.0	1	1786 41
132	1747	0.0	1	1711 36
133	1727	0.0	1	1677 50
134	1720	0.0	1	1673 47
135	1629	0.0	1	1584 45
136	1591	0.0	1	1554 37
137	1566	0.0	1	1518 48
138	1581	0.0	1	1543 38
139	1505	0.0	1	1460 45
140	1462	0.0	1	1417 45
141	1375	0.0	1	1341 34
142	1336	0.0	1	1299 37
143	1321	0.0	1	1273 48
144	1316	0.0	1	1283 33
145	1247	0.0	1	1209 38
146	1249	0.0	1	1218 31
147	1137	0.0	1	1104 33
148	1178	0.0	1	1141 37
149	1138	0.0	1	1111 27
150	1170	0.0	1	1143 27
151	1042	0.0	1	1014 28
152	1063	0.0	1	1037 26
153	1023	0.0	1	987 36
154	909	0.0	1	886 23
155	1000	0.0	1	977 23
156	899	0.0	1	871 28
157	872	0.0	1	849 23
158	820	0.0	1	803 17
159	834	0.0	1	809 25
160	799	0.0	1	773 26
161	780	0.0	1	757 23
162	722	0.0	1	699 23
163	770	0.0	1	744 26
164	703	0.0	1	687 16
165	682	0.0	1	659 23
166	679	0.0	1	654 25
167	692	0.0	1	679 13
168	642	0.0	1	631 11
169	582	0.0	1	561 21
170	619	0.0	1	604 15
171	578	0.0	1	560 18
172	544	0.0	1	532 12
173	517	0.0	1	502 15
174	484	0.0	1	474 10
175	524	0.0	1	501 23
176	484	0.0	1	471 13
177	497	0.0	1	483 14
178	454	0.0	1	445 9
179	477	0.0	1	463 14
180	473	0.0	1	462 11
181	433	0.0	1	420 13
182	398	0.0	1	395 3
183	384	0.0	1	375 9
184	419	0.0	1	401 18
185	379	0.0	1	370 9
186	370	0.0	1	364 6
187	365	0.0	1	351 14
188	342	0.0	1	333 9
189	335	0.0	1	325 10
190	344	0.0	1	338 6
191	299	0.0	1	290 9
192	286	0.0	1	276 10
193	254	0.0	1	241 13
194	274	0.0	1	264 10
195	289	0.0	1	279 10
196	278	0.0	1	274 4
197	284	0.0	1	274 10
198	291	0.0	1	284 7
199	266	0.0	1	256 10
200	276	0.0	1	266 10
201	266	0.0	1	252 14
202	260	0.0	1	254 6
203	234	0.0	1	224 10
204	217	0.0	1	206 11
205	220	0.0	1	212 8
206	222	0.0	1	214 8
207	232	0.0	1	223 9
208	204	0.0	1	197 7
209	225	0.0	1	216 9
210	229	0.0	1	223 6
211	184	0.0	1	174 10
212	202	0.0	1	193 9
213	212	0.0	1	202 10
214	186	0.0	1	178 8
215	179	0.0	1	175 4
216	197	0.0	1	192 5
217	198	0.0	1	191 7
218	171	0.0	1	164 7
219	181	0.0	1	171 10
220	167	0.0	1	157 10
221	162	0.0	1	155 7
222	117	0.0	1	112 5
223	118	0.0	1	111 7
224	74	0.0	1	69 5
225	68	0.0	1	66 2
226	74	0.0	1	70 4
227	39	0.0	1	37 2
228	39	0.0	1	33 6
229	20	0.0	1	17 3
230	17	0.0	1	14 3
231	24	0.0	1	20 4
232	17	0.0	1	14 3
233	14	0.0	1	10 4
234	17	0.0	1	13 4
235	21	0.0	1	17 4
236	16	0.0	1	13 3
237	24	0.0	1	15 9
238	21	0.0	1	17 4
239	28	0.0	1	28
240	43	0.0	1	38 5
241	27	0.0	1	27
242	45	0.0	1	41 4
243	21	0.0	1	19 2
244	23	0.0	1	21 2
245	22	0.0	1	21 1
246	31	0.0	1	26 5
247	40	0.0	1	35 5
248	34	0.0	1	23 11
249	56	0.0	1	13 43
250	2165	0.0	1	59 2106

RUN STATISTICS FOR INPUT FILE: SRR29654663_1.fastq.gz
=============================================
2226459 sequences processed in total

