
SUMMARISING RUN PARAMETERS
==========================
Input filename: SRR29654667_2.fastq.gz
Trimming mode: paired-end
Trim Galore version: 0.6.10
Cutadapt version: 4.4
Number of cores used for trimming: 1
Quality Phred score cutoff: 30
Quality encoding type selected: ASCII+33
Using Illumina adapter for trimming (count: 145531). Second best hit was smallRNA (count: 13)
Adapter sequence: 'AGATCGGAAGAGC' (Illumina TruSeq, Sanger iPCR; auto-detected)
Maximum trimming error rate: 0.1 (default)
Minimum required adapter overlap (stringency): 1 bp
Minimum required sequence length for both reads before a sequence pair gets removed: 20 bp
Output file will be GZIP compressed


This is cutadapt 4.4 with Python 3.12.3
Command line parameters: -j 1 -e 0.1 -q 30 -O 1 -a AGATCGGAAGAGC SRR29654667_2.fastq.gz
Processing single-end reads on 1 core ...
Finished in 123.776 s (55.297 µs/read; 1.09 M reads/minute).

=== Summary ===

Total reads processed:               2,238,358
Reads with adapters:                   813,665 (36.4%)
Reads written (passing filters):     2,238,358 (100.0%)

Total basepairs processed:   559,589,500 bp
Quality-trimmed:               8,997,728 bp (1.6%)
Total written (filtered):    530,761,812 bp (94.8%)

=== Adapter 1 ===

Sequence: AGATCGGAAGAGC; Type: regular 3'; Length: 13; Trimmed: 813665 times

Minimum overlap: 1
No. of allowed errors:
1-9 bp: 0; 10-13 bp: 1

Bases preceding removed adapters:
  A: 15.7%
  C: 42.8%
  G: 28.9%
  T: 12.5%
  none/other: 0.0%

Overview of removed sequences
length	count	expect	max.err	error counts
1	294144	559589.5	0	294144
2	97424	139897.4	0	97424
3	21404	34974.3	0	21404
4	10755	8743.6	0	10755
5	10268	2185.9	0	10268
6	7690	546.5	0	7690
7	7426	136.6	0	7426
8	8620	34.2	0	8620
9	4725	8.5	0	4664 61
10	7003	2.1	1	6685 318
11	5911	0.5	1	5644 267
12	6502	0.1	1	6254 248
13	6595	0.0	1	6289 306
14	7365	0.0	1	6905 460
15	6097	0.0	1	5765 332
16	6305	0.0	1	5849 456
17	7365	0.0	1	6850 515
18	4722	0.0	1	4335 387
19	6564	0.0	1	6153 411
20	6326	0.0	1	6005 321
21	5866	0.0	1	5574 292
22	5598	0.0	1	5386 212
23	5488	0.0	1	5216 272
24	7246	0.0	1	6750 496
25	6948	0.0	1	6583 365
26	3941	0.0	1	3694 247
27	4720	0.0	1	4480 240
28	5254	0.0	1	5060 194
29	4604	0.0	1	4367 237
30	4932	0.0	1	4754 178
31	5069	0.0	1	4874 195
32	4878	0.0	1	4696 182
33	4930	0.0	1	4774 156
34	5990	0.0	1	5652 338
35	4697	0.0	1	4511 186
36	4444	0.0	1	4231 213
37	4676	0.0	1	4459 217
38	4566	0.0	1	4354 212
39	4634	0.0	1	4410 224
40	5164	0.0	1	4963 201
41	3607	0.0	1	3470 137
42	4612	0.0	1	4405 207
43	4199	0.0	1	3996 203
44	6492	0.0	1	6178 314
45	11207	0.0	1	10857 350
46	8185	0.0	1	7848 337
47	17597	0.0	1	17165 432
48	1707	0.0	1	1587 120
49	3738	0.0	1	3607 131
50	1001	0.0	1	944 57
51	2433	0.0	1	2325 108
52	1391	0.0	1	1277 114
53	3225	0.0	1	3047 178
54	5449	0.0	1	5244 205
55	778	0.0	1	688 90
56	3504	0.0	1	3265 239
57	8639	0.0	1	8328 311
58	2168	0.0	1	2104 64
59	296	0.0	1	242 54
60	3359	0.0	1	3233 126
61	250	0.0	1	230 20
62	218	0.0	1	174 44
63	2671	0.0	1	2592 79
64	267	0.0	1	248 19
65	99	0.0	1	89 10
66	347	0.0	1	323 24
67	269	0.0	1	255 14
68	218	0.0	1	196 22
69	390	0.0	1	367 23
70	475	0.0	1	455 20
71	246	0.0	1	241 5
72	186	0.0	1	170 16
73	259	0.0	1	242 17
74	143	0.0	1	137 6
75	202	0.0	1	195 7
76	329	0.0	1	310 19
77	802	0.0	1	772 30
78	1164	0.0	1	1120 44
79	1434	0.0	1	1377 57
80	1414	0.0	1	1379 35
81	1478	0.0	1	1429 49
82	1541	0.0	1	1505 36
83	1395	0.0	1	1346 49
84	1400	0.0	1	1354 46
85	1354	0.0	1	1303 51
86	1367	0.0	1	1329 38
87	1308	0.0	1	1269 39
88	1248	0.0	1	1223 25
89	1178	0.0	1	1139 39
90	1235	0.0	1	1198 37
91	1074	0.0	1	1045 29
92	1131	0.0	1	1093 38
93	1076	0.0	1	1053 23
94	1056	0.0	1	1029 27
95	1047	0.0	1	1021 26
96	997	0.0	1	966 31
97	962	0.0	1	944 18
98	987	0.0	1	974 13
99	1007	0.0	1	980 27
100	955	0.0	1	937 18
101	960	0.0	1	927 33
102	920	0.0	1	894 26
103	874	0.0	1	850 24
104	878	0.0	1	845 33
105	836	0.0	1	819 17
106	738	0.0	1	716 22
107	800	0.0	1	779 21
108	774	0.0	1	753 21
109	730	0.0	1	713 17
110	733	0.0	1	709 24
111	678	0.0	1	662 16
112	655	0.0	1	633 22
113	705	0.0	1	685 20
114	683	0.0	1	669 14
115	615	0.0	1	600 15
116	666	0.0	1	649 17
117	652	0.0	1	635 17
118	647	0.0	1	614 33
119	614	0.0	1	603 11
120	574	0.0	1	558 16
121	551	0.0	1	535 16
122	535	0.0	1	519 16
123	552	0.0	1	536 16
124	523	0.0	1	502 21
125	532	0.0	1	517 15
126	485	0.0	1	466 19
127	523	0.0	1	510 13
128	484	0.0	1	471 13
129	442	0.0	1	425 17
130	426	0.0	1	413 13
131	432	0.0	1	424 8
132	445	0.0	1	435 10
133	438	0.0	1	424 14
134	445	0.0	1	431 14
135	454	0.0	1	440 14
136	399	0.0	1	385 14
137	407	0.0	1	393 14
138	381	0.0	1	367 14
139	365	0.0	1	349 16
140	367	0.0	1	355 12
141	363	0.0	1	350 13
142	350	0.0	1	340 10
143	338	0.0	1	328 10
144	356	0.0	1	341 15
145	387	0.0	1	378 9
146	351	0.0	1	340 11
147	330	0.0	1	316 14
148	308	0.0	1	298 10
149	281	0.0	1	270 11
150	337	0.0	1	330 7
151	348	0.0	1	340 8
152	316	0.0	1	308 8
153	302	0.0	1	286 16
154	279	0.0	1	268 11
155	257	0.0	1	253 4
156	298	0.0	1	291 7
157	317	0.0	1	306 11
158	296	0.0	1	294 2
159	252	0.0	1	246 6
160	296	0.0	1	285 11
161	256	0.0	1	245 11
162	264	0.0	1	254 10
163	282	0.0	1	272 10
164	255	0.0	1	250 5
165	266	0.0	1	256 10
166	286	0.0	1	280 6
167	270	0.0	1	261 9
168	267	0.0	1	259 8
169	231	0.0	1	222 9
170	249	0.0	1	246 3
171	238	0.0	1	229 9
172	215	0.0	1	210 5
173	215	0.0	1	209 6
174	222	0.0	1	217 5
175	260	0.0	1	250 10
176	245	0.0	1	236 9
177	248	0.0	1	239 9
178	234	0.0	1	227 7
179	238	0.0	1	230 8
180	214	0.0	1	210 4
181	211	0.0	1	206 5
182	217	0.0	1	209 8
183	217	0.0	1	213 4
184	242	0.0	1	233 9
185	191	0.0	1	183 8
186	231	0.0	1	227 4
187	212	0.0	1	207 5
188	221	0.0	1	217 4
189	223	0.0	1	215 8
190	226	0.0	1	222 4
191	224	0.0	1	215 9
192	214	0.0	1	209 5
193	221	0.0	1	216 5
194	220	0.0	1	208 12
195	217	0.0	1	211 6
196	227	0.0	1	225 2
197	200	0.0	1	191 9
198	215	0.0	1	205 10
199	237	0.0	1	233 4
200	211	0.0	1	205 6
201	233	0.0	1	227 6
202	228	0.0	1	220 8
203	231	0.0	1	224 7
204	228	0.0	1	221 7
205	208	0.0	1	204 4
206	254	0.0	1	252 2
207	247	0.0	1	245 2
208	236	0.0	1	232 4
209	259	0.0	1	253 6
210	262	0.0	1	258 4
211	264	0.0	1	257 7
212	253	0.0	1	247 6
213	283	0.0	1	278 5
214	262	0.0	1	256 6
215	259	0.0	1	251 8
216	295	0.0	1	287 8
217	306	0.0	1	297 9
218	316	0.0	1	311 5
219	311	0.0	1	306 5
220	317	0.0	1	308 9
221	308	0.0	1	304 4
222	294	0.0	1	281 13
223	253	0.0	1	251 2
224	232	0.0	1	227 5
225	184	0.0	1	181 3
226	184	0.0	1	180 4
227	158	0.0	1	156 2
228	187	0.0	1	181 6
229	108	0.0	1	105 3
230	78	0.0	1	76 2
231	55	0.0	1	48 7
232	42	0.0	1	38 4
233	27	0.0	1	26 1
234	30	0.0	1	27 3
235	28	0.0	1	27 1
236	40	0.0	1	39 1
237	22	0.0	1	20 2
238	55	0.0	1	49 6
239	46	0.0	1	42 4
240	76	0.0	1	71 5
241	115	0.0	1	110 5
242	141	0.0	1	139 2
243	146	0.0	1	144 2
244	57	0.0	1	54 3
245	39	0.0	1	37 2
246	34	0.0	1	32 2
247	56	0.0	1	52 4
248	59	0.0	1	55 4
249	43	0.0	1	40 3
250	82	0.0	1	66 16

RUN STATISTICS FOR INPUT FILE: SRR29654667_2.fastq.gz
=============================================
2238358 sequences processed in total

Total number of sequences analysed for the sequence pair length validation: 2238358

Number of sequence pairs removed because at least one read was shorter than the length cutoff (20 bp): 18852 (0.84%)
