
SUMMARISING RUN PARAMETERS
==========================
Input filename: SRR29655371_2.fastq.gz
Trimming mode: paired-end
Trim Galore version: 0.6.10
Cutadapt version: 4.4
Number of cores used for trimming: 1
Quality Phred score cutoff: 30
Quality encoding type selected: ASCII+33
Using Illumina adapter for trimming (count: 430981). Second best hit was smallRNA (count: 11)
Adapter sequence: 'AGATCGGAAGAGC' (Illumina TruSeq, Sanger iPCR; auto-detected)
Maximum trimming error rate: 0.1 (default)
Minimum required adapter overlap (stringency): 1 bp
Minimum required sequence length for both reads before a sequence pair gets removed: 20 bp
Output file will be GZIP compressed


This is cutadapt 4.4 with Python 3.12.3
Command line parameters: -j 1 -e 0.1 -q 30 -O 1 -a AGATCGGAAGAGC SRR29655371_2.fastq.gz
Processing single-end reads on 1 core ...
Finished in 107.725 s (49.804 µs/read; 1.20 M reads/minute).

=== Summary ===

Total reads processed:               2,162,995
Reads with adapters:                 1,296,606 (59.9%)
Reads written (passing filters):     2,162,995 (100.0%)

Total basepairs processed:   540,748,750 bp
Quality-trimmed:              11,653,230 bp (2.2%)
Total written (filtered):    464,861,098 bp (86.0%)

=== Adapter 1 ===

Sequence: AGATCGGAAGAGC; Type: regular 3'; Length: 13; Trimmed: 1296606 times

Minimum overlap: 1
No. of allowed errors:
1-9 bp: 0; 10-13 bp: 1

Bases preceding removed adapters:
  A: 15.1%
  C: 40.8%
  G: 30.8%
  T: 13.3%
  none/other: 0.0%

Overview of removed sequences
length	count	expect	max.err	error counts
1	188823	540748.8	0	188823
2	64035	135187.2	0	64035
3	18293	33796.8	0	18293
4	10666	8449.2	0	10666
5	11270	2112.3	0	11270
6	9053	528.1	0	9053
7	9662	132.0	0	9662
8	11948	33.0	0	11948
9	5944	8.3	0	5894 50
10	9644	2.1	1	9231 413
11	8379	0.5	1	7989 390
12	9401	0.1	1	9008 393
13	9419	0.0	1	8942 477
14	11375	0.0	1	10679 696
15	8964	0.0	1	8419 545
16	9399	0.0	1	8652 747
17	12441	0.0	1	11437 1004
18	6418	0.0	1	5847 571
19	11382	0.0	1	10564 818
20	8981	0.0	1	8517 464
21	8426	0.0	1	8009 417
22	9358	0.0	1	8963 395
23	9225	0.0	1	8748 477
24	12610	0.0	1	11613 997
25	12305	0.0	1	11589 716
26	6611	0.0	1	6119 492
27	8408	0.0	1	7920 488
28	9683	0.0	1	9278 405
29	8713	0.0	1	8243 470
30	9747	0.0	1	9349 398
31	9327	0.0	1	9010 317
32	9994	0.0	1	9544 450
33	9333	0.0	1	9009 324
34	9401	0.0	1	8882 519
35	11815	0.0	1	11186 629
36	10770	0.0	1	10182 588
37	9691	0.0	1	9131 560
38	9029	0.0	1	8436 593
39	10236	0.0	1	9663 573
40	10025	0.0	1	9579 446
41	9926	0.0	1	9490 436
42	10652	0.0	1	10140 512
43	12179	0.0	1	11568 611
44	25050	0.0	1	23860 1190
45	50077	0.0	1	48658 1419
46	37098	0.0	1	35792 1306
47	54066	0.0	1	52777 1289
48	4465	0.0	1	4187 278
49	10656	0.0	1	10329 327
50	1737	0.0	1	1607 130
51	5559	0.0	1	5288 271
52	2359	0.0	1	2120 239
53	8721	0.0	1	8158 563
54	14505	0.0	1	13882 623
55	1569	0.0	1	1376 193
56	9694	0.0	1	8915 779
57	19716	0.0	1	18773 943
58	3396	0.0	1	3221 175
59	602	0.0	1	482 120
60	9582	0.0	1	9203 379
61	564	0.0	1	501 63
62	559	0.0	1	471 88
63	9124	0.0	1	8833 291
64	1071	0.0	1	998 73
65	299	0.0	1	268 31
66	1061	0.0	1	990 71
67	576	0.0	1	531 45
68	581	0.0	1	535 46
69	1139	0.0	1	1073 66
70	1744	0.0	1	1685 59
71	527	0.0	1	496 31
72	526	0.0	1	488 38
73	733	0.0	1	703 30
74	602	0.0	1	571 31
75	1051	0.0	1	1019 32
76	1515	0.0	1	1471 44
77	3351	0.0	1	3221 130
78	5306	0.0	1	5110 196
79	6162	0.0	1	5903 259
80	6499	0.0	1	6313 186
81	6748	0.0	1	6557 191
82	6632	0.0	1	6428 204
83	6831	0.0	1	6604 227
84	6716	0.0	1	6454 262
85	6674	0.0	1	6483 191
86	6750	0.0	1	6507 243
87	6489	0.0	1	6265 224
88	6512	0.0	1	6341 171
89	6364	0.0	1	6142 222
90	6235	0.0	1	6059 176
91	6265	0.0	1	6085 180
92	6074	0.0	1	5912 162
93	5992	0.0	1	5846 146
94	5943	0.0	1	5799 144
95	5932	0.0	1	5750 182
96	5747	0.0	1	5563 184
97	5733	0.0	1	5581 152
98	5564	0.0	1	5417 147
99	5610	0.0	1	5467 143
100	5356	0.0	1	5213 143
101	5281	0.0	1	5148 133
102	5207	0.0	1	5071 136
103	5013	0.0	1	4890 123
104	5032	0.0	1	4875 157
105	4924	0.0	1	4818 106
106	4847	0.0	1	4718 129
107	4660	0.0	1	4543 117
108	4504	0.0	1	4411 93
109	4606	0.0	1	4497 109
110	4490	0.0	1	4366 124
111	4391	0.0	1	4287 104
112	4280	0.0	1	4199 81
113	4211	0.0	1	4099 112
114	4085	0.0	1	3967 118
115	3989	0.0	1	3879 110
116	3936	0.0	1	3829 107
117	3803	0.0	1	3705 98
118	3650	0.0	1	3556 94
119	3644	0.0	1	3562 82
120	3547	0.0	1	3447 100
121	3433	0.0	1	3345 88
122	3452	0.0	1	3350 102
123	3244	0.0	1	3150 94
124	3238	0.0	1	3167 71
125	3165	0.0	1	3083 82
126	2950	0.0	1	2891 59
127	3034	0.0	1	2958 76
128	2992	0.0	1	2924 68
129	2829	0.0	1	2744 85
130	2704	0.0	1	2643 61
131	2687	0.0	1	2615 72
132	2697	0.0	1	2633 64
133	2547	0.0	1	2481 66
134	2529	0.0	1	2464 65
135	2334	0.0	1	2278 56
136	2372	0.0	1	2334 38
137	2245	0.0	1	2205 40
138	2261	0.0	1	2224 37
139	2187	0.0	1	2126 61
140	2169	0.0	1	2121 48
141	2089	0.0	1	2043 46
142	1916	0.0	1	1870 46
143	2045	0.0	1	1999 46
144	1808	0.0	1	1765 43
145	1828	0.0	1	1778 50
146	1866	0.0	1	1827 39
147	1678	0.0	1	1637 41
148	1725	0.0	1	1686 39
149	1734	0.0	1	1698 36
150	1571	0.0	1	1535 36
151	1559	0.0	1	1524 35
152	1448	0.0	1	1408 40
153	1475	0.0	1	1406 69
154	1353	0.0	1	1327 26
155	1339	0.0	1	1307 32
156	1290	0.0	1	1261 29
157	1284	0.0	1	1255 29
158	1200	0.0	1	1171 29
159	1174	0.0	1	1155 19
160	1190	0.0	1	1150 40
161	1085	0.0	1	1066 19
162	1066	0.0	1	1037 29
163	1044	0.0	1	1013 31
164	1095	0.0	1	1074 21
165	993	0.0	1	967 26
166	949	0.0	1	938 11
167	948	0.0	1	932 16
168	913	0.0	1	892 21
169	878	0.0	1	861 17
170	838	0.0	1	824 14
171	822	0.0	1	805 17
172	823	0.0	1	803 20
173	794	0.0	1	778 16
174	716	0.0	1	698 18
175	708	0.0	1	700 8
176	692	0.0	1	679 13
177	641	0.0	1	631 10
178	652	0.0	1	629 23
179	655	0.0	1	633 22
180	603	0.0	1	593 10
181	602	0.0	1	589 13
182	596	0.0	1	583 13
183	521	0.0	1	515 6
184	524	0.0	1	511 13
185	550	0.0	1	540 10
186	476	0.0	1	469 7
187	479	0.0	1	471 8
188	463	0.0	1	453 10
189	424	0.0	1	413 11
190	436	0.0	1	434 2
191	460	0.0	1	453 7
192	433	0.0	1	422 11
193	372	0.0	1	356 16
194	421	0.0	1	411 10
195	383	0.0	1	374 9
196	363	0.0	1	355 8
197	344	0.0	1	332 12
198	362	0.0	1	352 10
199	360	0.0	1	356 4
200	325	0.0	1	322 3
201	355	0.0	1	341 14
202	324	0.0	1	315 9
203	309	0.0	1	293 16
204	298	0.0	1	292 6
205	282	0.0	1	274 8
206	274	0.0	1	270 4
207	282	0.0	1	275 7
208	264	0.0	1	261 3
209	237	0.0	1	234 3
210	280	0.0	1	275 5
211	273	0.0	1	268 5
212	255	0.0	1	239 16
213	242	0.0	1	234 8
214	248	0.0	1	243 5
215	212	0.0	1	210 2
216	217	0.0	1	209 8
217	230	0.0	1	224 6
218	229	0.0	1	221 8
219	237	0.0	1	234 3
220	194	0.0	1	182 12
221	204	0.0	1	196 8
222	185	0.0	1	179 6
223	142	0.0	1	140 2
224	125	0.0	1	118 7
225	110	0.0	1	108 2
226	95	0.0	1	94 1
227	73	0.0	1	66 7
228	56	0.0	1	54 2
229	50	0.0	1	47 3
230	34	0.0	1	33 1
231	38	0.0	1	37 1
232	29	0.0	1	26 3
233	25	0.0	1	21 4
234	33	0.0	1	30 3
235	28	0.0	1	25 3
236	18	0.0	1	18
237	22	0.0	1	19 3
238	30	0.0	1	27 3
239	38	0.0	1	38
240	31	0.0	1	31
241	55	0.0	1	52 3
242	42	0.0	1	39 3
243	64	0.0	1	64
244	29	0.0	1	27 2
245	35	0.0	1	33 2
246	26	0.0	1	23 3
247	34	0.0	1	32 2
248	36	0.0	1	35 1
249	33	0.0	1	31 2
250	124	0.0	1	82 42

RUN STATISTICS FOR INPUT FILE: SRR29655371_2.fastq.gz
=============================================
2162995 sequences processed in total

Total number of sequences analysed for the sequence pair length validation: 2162995

Number of sequence pairs removed because at least one read was shorter than the length cutoff (20 bp): 21696 (1.00%)
