
SUMMARISING RUN PARAMETERS
==========================
Input filename: SRR29655369_1.fastq.gz
Trimming mode: paired-end
Trim Galore version: 0.6.10
Cutadapt version: 4.4
Number of cores used for trimming: 1
Quality Phred score cutoff: 30
Quality encoding type selected: ASCII+33
Using Illumina adapter for trimming (count: 408767). Second best hit was smallRNA (count: 14)
Adapter sequence: 'AGATCGGAAGAGC' (Illumina TruSeq, Sanger iPCR; auto-detected)
Maximum trimming error rate: 0.1 (default)
Minimum required adapter overlap (stringency): 1 bp
Minimum required sequence length for both reads before a sequence pair gets removed: 20 bp
Output file will be GZIP compressed


This is cutadapt 4.4 with Python 3.12.3
Command line parameters: -j 1 -e 0.1 -q 30 -O 1 -a AGATCGGAAGAGC SRR29655369_1.fastq.gz
Processing single-end reads on 1 core ...
Finished in 114.394 s (51.610 µs/read; 1.16 M reads/minute).

=== Summary ===

Total reads processed:               2,216,511
Reads with adapters:                 1,302,106 (58.7%)
Reads written (passing filters):     2,216,511 (100.0%)

Total basepairs processed:   554,127,750 bp
Quality-trimmed:               6,776,250 bp (1.2%)
Total written (filtered):    478,967,853 bp (86.4%)

=== Adapter 1 ===

Sequence: AGATCGGAAGAGC; Type: regular 3'; Length: 13; Trimmed: 1302106 times

Minimum overlap: 1
No. of allowed errors:
1-9 bp: 0; 10-13 bp: 1

Bases preceding removed adapters:
  A: 15.0%
  C: 41.2%
  G: 30.3%
  T: 13.4%
  none/other: 0.1%

Overview of removed sequences
length	count	expect	max.err	error counts
1	200048	554127.8	0	200048
2	63843	138531.9	0	63843
3	19728	34633.0	0	19728
4	11842	8658.2	0	11842
5	11261	2164.6	0	11261
6	9294	541.1	0	9294
7	9252	135.3	0	9252
8	11590	33.8	0	11590
9	7113	8.5	0	7064 49
10	8598	2.1	1	8293 305
11	9305	0.5	1	8973 332
12	8972	0.1	1	8606 366
13	9392	0.0	1	9024 368
14	9451	0.0	1	9085 366
15	10017	0.0	1	9602 415
16	8977	0.0	1	8648 329
17	11721	0.0	1	11117 604
18	9073	0.0	1	8695 378
19	8266	0.0	1	7967 299
20	9772	0.0	1	9390 382
21	9968	0.0	1	9571 397
22	9231	0.0	1	8846 385
23	10188	0.0	1	9794 394
24	9150	0.0	1	8794 356
25	9783	0.0	1	9463 320
26	8857	0.0	1	8601 256
27	10407	0.0	1	10096 311
28	10608	0.0	1	10264 344
29	9491	0.0	1	9184 307
30	9023	0.0	1	8808 215
31	9040	0.0	1	8743 297
32	9800	0.0	1	9528 272
33	9169	0.0	1	8820 349
34	11601	0.0	1	11158 443
35	9364	0.0	1	9098 266
36	8462	0.0	1	8235 227
37	10338	0.0	1	10002 336
38	9076	0.0	1	8819 257
39	9768	0.0	1	9484 284
40	9586	0.0	1	9321 265
41	11930	0.0	1	11555 375
42	12039	0.0	1	11733 306
43	14067	0.0	1	13626 441
44	12881	0.0	1	12498 383
45	19931	0.0	1	19547 384
46	3648	0.0	1	3489 159
47	4749	0.0	1	4598 151
48	9697	0.0	1	9396 301
49	9510	0.0	1	9255 255
50	6236	0.0	1	6020 216
51	11862	0.0	1	11475 387
52	10429	0.0	1	10178 251
53	5702	0.0	1	5539 163
54	6801	0.0	1	6568 233
55	12182	0.0	1	11913 269
56	9778	0.0	1	9575 203
57	10452	0.0	1	10257 195
58	13494	0.0	1	13266 228
59	10703	0.0	1	10524 179
60	4088	0.0	1	4006 82
61	6055	0.0	1	5906 149
62	12165	0.0	1	11948 217
63	6590	0.0	1	6469 121
64	7656	0.0	1	7528 128
65	5430	0.0	1	5258 172
66	12274	0.0	1	12079 195
67	5913	0.0	1	5786 127
68	6789	0.0	1	6659 130
69	3570	0.0	1	3485 85
70	2766	0.0	1	2704 62
71	103	0.0	1	92 11
72	322	0.0	1	304 18
73	1951	0.0	1	1898 53
74	3738	0.0	1	3659 79
75	5235	0.0	1	5116 119
76	5820	0.0	1	5704 116
77	6284	0.0	1	6142 142
78	6296	0.0	1	6143 153
79	6557	0.0	1	6409 148
80	6714	0.0	1	6527 187
81	6585	0.0	1	6420 165
82	6352	0.0	1	6196 156
83	6316	0.0	1	6181 135
84	6533	0.0	1	6377 156
85	6460	0.0	1	6276 184
86	6344	0.0	1	6185 159
87	6230	0.0	1	6033 197
88	6133	0.0	1	5959 174
89	6120	0.0	1	5948 172
90	6035	0.0	1	5900 135
91	5724	0.0	1	5551 173
92	5792	0.0	1	5637 155
93	5750	0.0	1	5588 162
94	5784	0.0	1	5624 160
95	5613	0.0	1	5479 134
96	5597	0.0	1	5489 108
97	5480	0.0	1	5360 120
98	5291	0.0	1	5163 128
99	5191	0.0	1	5065 126
100	5122	0.0	1	5021 101
101	5148	0.0	1	5035 113
102	5034	0.0	1	4918 116
103	4989	0.0	1	4880 109
104	4890	0.0	1	4779 111
105	4782	0.0	1	4683 99
106	4752	0.0	1	4633 119
107	4648	0.0	1	4525 123
108	4523	0.0	1	4420 103
109	4511	0.0	1	4411 100
110	4424	0.0	1	4330 94
111	4413	0.0	1	4335 78
112	4221	0.0	1	4145 76
113	4137	0.0	1	4052 85
114	4011	0.0	1	3917 94
115	3981	0.0	1	3897 84
116	4005	0.0	1	3935 70
117	4038	0.0	1	3944 94
118	3749	0.0	1	3669 80
119	3695	0.0	1	3603 92
120	3661	0.0	1	3589 72
121	3536	0.0	1	3463 73
122	3594	0.0	1	3511 83
123	3504	0.0	1	3429 75
124	3349	0.0	1	3267 82
125	3232	0.0	1	3159 73
126	3164	0.0	1	3088 76
127	3217	0.0	1	3144 73
128	3063	0.0	1	2996 67
129	3040	0.0	1	2957 83
130	3053	0.0	1	2987 66
131	2892	0.0	1	2814 78
132	2814	0.0	1	2745 69
133	2751	0.0	1	2694 57
134	2720	0.0	1	2664 56
135	2635	0.0	1	2584 51
136	2564	0.0	1	2504 60
137	2511	0.0	1	2442 69
138	2453	0.0	1	2398 55
139	2396	0.0	1	2364 32
140	2393	0.0	1	2345 48
141	2430	0.0	1	2382 48
142	2216	0.0	1	2168 48
143	2210	0.0	1	2165 45
144	2251	0.0	1	2212 39
145	2028	0.0	1	1984 44
146	2132	0.0	1	2091 41
147	1976	0.0	1	1926 50
148	1965	0.0	1	1915 50
149	1975	0.0	1	1931 44
150	1847	0.0	1	1810 37
151	1857	0.0	1	1825 32
152	1759	0.0	1	1723 36
153	1663	0.0	1	1633 30
154	1674	0.0	1	1639 35
155	1571	0.0	1	1534 37
156	1675	0.0	1	1652 23
157	1560	0.0	1	1530 30
158	1526	0.0	1	1491 35
159	1489	0.0	1	1465 24
160	1451	0.0	1	1411 40
161	1351	0.0	1	1320 31
162	1308	0.0	1	1280 28
163	1292	0.0	1	1265 27
164	1292	0.0	1	1266 26
165	1205	0.0	1	1182 23
166	1147	0.0	1	1124 23
167	1146	0.0	1	1114 32
168	1174	0.0	1	1159 15
169	1089	0.0	1	1066 23
170	1097	0.0	1	1074 23
171	1014	0.0	1	994 20
172	1020	0.0	1	997 23
173	1032	0.0	1	1007 25
174	990	0.0	1	971 19
175	893	0.0	1	870 23
176	898	0.0	1	873 25
177	891	0.0	1	876 15
178	861	0.0	1	838 23
179	871	0.0	1	852 19
180	835	0.0	1	816 19
181	800	0.0	1	779 21
182	822	0.0	1	807 15
183	737	0.0	1	728 9
184	816	0.0	1	795 21
185	759	0.0	1	746 13
186	702	0.0	1	689 13
187	713	0.0	1	701 12
188	656	0.0	1	645 11
189	645	0.0	1	629 16
190	678	0.0	1	669 9
191	659	0.0	1	652 7
192	612	0.0	1	600 12
193	638	0.0	1	628 10
194	587	0.0	1	580 7
195	564	0.0	1	550 14
196	547	0.0	1	540 7
197	564	0.0	1	552 12
198	509	0.0	1	502 7
199	514	0.0	1	507 7
200	536	0.0	1	523 13
201	461	0.0	1	450 11
202	432	0.0	1	419 13
203	454	0.0	1	442 12
204	478	0.0	1	468 10
205	456	0.0	1	440 16
206	451	0.0	1	444 7
207	409	0.0	1	397 12
208	384	0.0	1	375 9
209	416	0.0	1	409 7
210	430	0.0	1	417 13
211	385	0.0	1	377 8
212	407	0.0	1	399 8
213	382	0.0	1	373 9
214	381	0.0	1	370 11
215	398	0.0	1	386 12
216	358	0.0	1	350 8
217	385	0.0	1	380 5
218	320	0.0	1	316 4
219	365	0.0	1	358 7
220	330	0.0	1	309 21
221	324	0.0	1	318 6
222	263	0.0	1	258 5
223	287	0.0	1	278 9
224	280	0.0	1	275 5
225	232	0.0	1	230 2
226	190	0.0	1	185 5
227	143	0.0	1	141 2
228	132	0.0	1	131 1
229	103	0.0	1	99 4
230	73	0.0	1	68 5
231	59	0.0	1	56 3
232	70	0.0	1	67 3
233	75	0.0	1	74 1
234	62	0.0	1	59 3
235	84	0.0	1	83 1
236	59	0.0	1	57 2
237	88	0.0	1	82 6
238	82	0.0	1	77 5
239	99	0.0	1	97 2
240	110	0.0	1	107 3
241	143	0.0	1	138 5
242	154	0.0	1	152 2
243	129	0.0	1	127 2
244	64	0.0	1	61 3
245	61	0.0	1	60 1
246	27	0.0	1	25 2
247	35	0.0	1	33 2
248	49	0.0	1	45 4
249	68	0.0	1	29 39
250	983	0.0	1	65 918

RUN STATISTICS FOR INPUT FILE: SRR29655369_1.fastq.gz
=============================================
2216511 sequences processed in total

