
SUMMARISING RUN PARAMETERS
==========================
Input filename: SRR29655370_1.fastq.gz
Trimming mode: paired-end
Trim Galore version: 0.6.10
Cutadapt version: 4.4
Number of cores used for trimming: 1
Quality Phred score cutoff: 30
Quality encoding type selected: ASCII+33
Using Illumina adapter for trimming (count: 347612). Second best hit was smallRNA (count: 14)
Adapter sequence: 'AGATCGGAAGAGC' (Illumina TruSeq, Sanger iPCR; auto-detected)
Maximum trimming error rate: 0.1 (default)
Minimum required adapter overlap (stringency): 1 bp
Minimum required sequence length for both reads before a sequence pair gets removed: 20 bp
Output file will be GZIP compressed


This is cutadapt 4.4 with Python 3.12.3
Command line parameters: -j 1 -e 0.1 -q 30 -O 1 -a AGATCGGAAGAGC SRR29655370_1.fastq.gz
Processing single-end reads on 1 core ...
Finished in 119.384 s (53.241 µs/read; 1.13 M reads/minute).

=== Summary ===

Total reads processed:               2,242,323
Reads with adapters:                 1,197,705 (53.4%)
Reads written (passing filters):     2,242,323 (100.0%)

Total basepairs processed:   560,580,750 bp
Quality-trimmed:               6,789,096 bp (1.2%)
Total written (filtered):    496,244,959 bp (88.5%)

=== Adapter 1 ===

Sequence: AGATCGGAAGAGC; Type: regular 3'; Length: 13; Trimmed: 1197705 times

Minimum overlap: 1
No. of allowed errors:
1-9 bp: 0; 10-13 bp: 1

Bases preceding removed adapters:
  A: 15.1%
  C: 41.2%
  G: 29.9%
  T: 13.6%
  none/other: 0.2%

Overview of removed sequences
length	count	expect	max.err	error counts
1	226079	560580.8	0	226079
2	71538	140145.2	0	71538
3	20803	35036.3	0	20803
4	11648	8759.1	0	11648
5	11085	2189.8	0	11085
6	8645	547.4	0	8645
7	8608	136.9	0	8608
8	10842	34.2	0	10842
9	6569	8.6	0	6527 42
10	7924	2.1	1	7637 287
11	8480	0.5	1	8142 338
12	8491	0.1	1	8162 329
13	8794	0.0	1	8469 325
14	8327	0.0	1	8031 296
15	9077	0.0	1	8697 380
16	8383	0.0	1	8049 334
17	10860	0.0	1	10300 560
18	8224	0.0	1	7892 332
19	7537	0.0	1	7280 257
20	9081	0.0	1	8762 319
21	9150	0.0	1	8813 337
22	8810	0.0	1	8493 317
23	9625	0.0	1	9268 357
24	7816	0.0	1	7528 288
25	8612	0.0	1	8329 283
26	8360	0.0	1	8098 262
27	9312	0.0	1	9023 289
28	9325	0.0	1	9016 309
29	7982	0.0	1	7768 214
30	8336	0.0	1	8119 217
31	7676	0.0	1	7470 206
32	8725	0.0	1	8458 267
33	7977	0.0	1	7688 289
34	8804	0.0	1	8449 355
35	9798	0.0	1	9397 401
36	7614	0.0	1	7407 207
37	8567	0.0	1	8315 252
38	9499	0.0	1	9180 319
39	8415	0.0	1	8140 275
40	11159	0.0	1	10641 518
41	9536	0.0	1	9251 285
42	9881	0.0	1	9578 303
43	13573	0.0	1	13103 470
44	10847	0.0	1	10496 351
45	18417	0.0	1	18029 388
46	3473	0.0	1	3319 154
47	4331	0.0	1	4184 147
48	8500	0.0	1	8223 277
49	8392	0.0	1	8202 190
50	5481	0.0	1	5306 175
51	10681	0.0	1	10385 296
52	9240	0.0	1	9008 232
53	4966	0.0	1	4820 146
54	6003	0.0	1	5779 224
55	10952	0.0	1	10712 240
56	8234	0.0	1	8041 193
57	9203	0.0	1	9029 174
58	11695	0.0	1	11506 189
59	9212	0.0	1	9062 150
60	3064	0.0	1	2987 77
61	4891	0.0	1	4740 151
62	10269	0.0	1	10085 184
63	4969	0.0	1	4850 119
64	6080	0.0	1	5961 119
65	4393	0.0	1	4276 117
66	10130	0.0	1	9953 177
67	4470	0.0	1	4384 86
68	5020	0.0	1	4916 104
69	2555	0.0	1	2488 67
70	1859	0.0	1	1824 35
71	96	0.0	1	86 10
72	268	0.0	1	248 20
73	1694	0.0	1	1642 52
74	3097	0.0	1	3016 81
75	4354	0.0	1	4257 97
76	5036	0.0	1	4919 117
77	5073	0.0	1	4959 114
78	5293	0.0	1	5174 119
79	5521	0.0	1	5386 135
80	5394	0.0	1	5261 133
81	5249	0.0	1	5100 149
82	5337	0.0	1	5208 129
83	5213	0.0	1	5086 127
84	5215	0.0	1	5073 142
85	5328	0.0	1	5192 136
86	5046	0.0	1	4933 113
87	5000	0.0	1	4871 129
88	5125	0.0	1	4982 143
89	4957	0.0	1	4819 138
90	4830	0.0	1	4689 141
91	4806	0.0	1	4675 131
92	4737	0.0	1	4615 122
93	4628	0.0	1	4505 123
94	4569	0.0	1	4432 137
95	4553	0.0	1	4447 106
96	4510	0.0	1	4400 110
97	4472	0.0	1	4365 107
98	4417	0.0	1	4299 118
99	4285	0.0	1	4173 112
100	4178	0.0	1	4070 108
101	4176	0.0	1	4084 92
102	4135	0.0	1	4039 96
103	4104	0.0	1	4016 88
104	3971	0.0	1	3895 76
105	3924	0.0	1	3839 85
106	3822	0.0	1	3744 78
107	3667	0.0	1	3574 93
108	3701	0.0	1	3610 91
109	3645	0.0	1	3568 77
110	3550	0.0	1	3474 76
111	3534	0.0	1	3456 78
112	3300	0.0	1	3214 86
113	3346	0.0	1	3253 93
114	3281	0.0	1	3195 86
115	3218	0.0	1	3131 87
116	3252	0.0	1	3173 79
117	3069	0.0	1	2984 85
118	3149	0.0	1	3079 70
119	3008	0.0	1	2950 58
120	2846	0.0	1	2791 55
121	2767	0.0	1	2713 54
122	2810	0.0	1	2761 49
123	2741	0.0	1	2651 90
124	2629	0.0	1	2572 57
125	2626	0.0	1	2564 62
126	2589	0.0	1	2523 66
127	2579	0.0	1	2517 62
128	2462	0.0	1	2404 58
129	2420	0.0	1	2357 63
130	2367	0.0	1	2308 59
131	2236	0.0	1	2166 70
132	2248	0.0	1	2201 47
133	2315	0.0	1	2270 45
134	2146	0.0	1	2099 47
135	2081	0.0	1	2028 53
136	1986	0.0	1	1949 37
137	2035	0.0	1	1983 52
138	2047	0.0	1	1990 57
139	1967	0.0	1	1917 50
140	1811	0.0	1	1762 49
141	1848	0.0	1	1799 49
142	1737	0.0	1	1697 40
143	1668	0.0	1	1630 38
144	1732	0.0	1	1706 26
145	1694	0.0	1	1654 40
146	1669	0.0	1	1639 30
147	1556	0.0	1	1514 42
148	1575	0.0	1	1524 51
149	1540	0.0	1	1500 40
150	1522	0.0	1	1474 48
151	1463	0.0	1	1440 23
152	1486	0.0	1	1444 42
153	1364	0.0	1	1333 31
154	1360	0.0	1	1332 28
155	1326	0.0	1	1297 29
156	1276	0.0	1	1251 25
157	1245	0.0	1	1215 30
158	1185	0.0	1	1163 22
159	1169	0.0	1	1146 23
160	1107	0.0	1	1078 29
161	1060	0.0	1	1044 16
162	1109	0.0	1	1087 22
163	1058	0.0	1	1037 21
164	1022	0.0	1	1001 21
165	1012	0.0	1	976 36
166	1015	0.0	1	988 27
167	913	0.0	1	880 33
168	906	0.0	1	884 22
169	921	0.0	1	901 20
170	855	0.0	1	832 23
171	866	0.0	1	849 17
172	834	0.0	1	808 26
173	825	0.0	1	806 19
174	839	0.0	1	813 26
175	810	0.0	1	795 15
176	859	0.0	1	845 14
177	770	0.0	1	753 17
178	777	0.0	1	757 20
179	675	0.0	1	659 16
180	688	0.0	1	675 13
181	696	0.0	1	682 14
182	609	0.0	1	591 18
183	705	0.0	1	695 10
184	636	0.0	1	618 18
185	633	0.0	1	618 15
186	591	0.0	1	574 17
187	543	0.0	1	534 9
188	516	0.0	1	507 9
189	524	0.0	1	516 8
190	547	0.0	1	535 12
191	510	0.0	1	499 11
192	501	0.0	1	486 15
193	540	0.0	1	524 16
194	441	0.0	1	434 7
195	512	0.0	1	496 16
196	512	0.0	1	505 7
197	484	0.0	1	475 9
198	454	0.0	1	443 11
199	444	0.0	1	428 16
200	419	0.0	1	411 8
201	425	0.0	1	418 7
202	431	0.0	1	420 11
203	369	0.0	1	359 10
204	401	0.0	1	390 11
205	410	0.0	1	400 10
206	365	0.0	1	356 9
207	381	0.0	1	362 19
208	377	0.0	1	371 6
209	389	0.0	1	379 10
210	382	0.0	1	368 14
211	420	0.0	1	405 15
212	345	0.0	1	337 8
213	372	0.0	1	354 18
214	328	0.0	1	316 12
215	342	0.0	1	335 7
216	337	0.0	1	325 12
217	325	0.0	1	314 11
218	326	0.0	1	316 10
219	330	0.0	1	316 14
220	314	0.0	1	305 9
221	345	0.0	1	339 6
222	272	0.0	1	266 6
223	247	0.0	1	242 5
224	236	0.0	1	228 8
225	160	0.0	1	159 1
226	159	0.0	1	154 5
227	127	0.0	1	125 2
228	108	0.0	1	107 1
229	66	0.0	1	64 2
230	47	0.0	1	45 2
231	33	0.0	1	32 1
232	29	0.0	1	27 2
233	48	0.0	1	45 3
234	42	0.0	1	39 3
235	40	0.0	1	39 1
236	45	0.0	1	40 5
237	41	0.0	1	38 3
238	55	0.0	1	54 1
239	67	0.0	1	65 2
240	65	0.0	1	65
241	63	0.0	1	62 1
242	90	0.0	1	89 1
243	69	0.0	1	65 4
244	40	0.0	1	36 4
245	38	0.0	1	35 3
246	32	0.0	1	30 2
247	36	0.0	1	34 2
248	48	0.0	1	45 3
249	86	0.0	1	40 46
250	2734	0.0	1	55 2679

RUN STATISTICS FOR INPUT FILE: SRR29655370_1.fastq.gz
=============================================
2242323 sequences processed in total

