
SUMMARISING RUN PARAMETERS
==========================
Input filename: SRR29655370_2.fastq.gz
Trimming mode: paired-end
Trim Galore version: 0.6.10
Cutadapt version: 4.4
Number of cores used for trimming: 1
Quality Phred score cutoff: 30
Quality encoding type selected: ASCII+33
Using Illumina adapter for trimming (count: 347612). Second best hit was smallRNA (count: 14)
Adapter sequence: 'AGATCGGAAGAGC' (Illumina TruSeq, Sanger iPCR; auto-detected)
Maximum trimming error rate: 0.1 (default)
Minimum required adapter overlap (stringency): 1 bp
Minimum required sequence length for both reads before a sequence pair gets removed: 20 bp
Output file will be GZIP compressed


This is cutadapt 4.4 with Python 3.12.3
Command line parameters: -j 1 -e 0.1 -q 30 -O 1 -a AGATCGGAAGAGC SRR29655370_2.fastq.gz
Processing single-end reads on 1 core ...
Finished in 113.945 s (50.815 µs/read; 1.18 M reads/minute).

=== Summary ===

Total reads processed:               2,242,323
Reads with adapters:                 1,195,100 (53.3%)
Reads written (passing filters):     2,242,323 (100.0%)

Total basepairs processed:   560,580,750 bp
Quality-trimmed:              10,402,666 bp (1.9%)
Total written (filtered):    495,130,009 bp (88.3%)

=== Adapter 1 ===

Sequence: AGATCGGAAGAGC; Type: regular 3'; Length: 13; Trimmed: 1195100 times

Minimum overlap: 1
No. of allowed errors:
1-9 bp: 0; 10-13 bp: 1

Bases preceding removed adapters:
  A: 15.3%
  C: 41.4%
  G: 29.7%
  T: 13.6%
  none/other: 0.0%

Overview of removed sequences
length	count	expect	max.err	error counts
1	225299	560580.8	0	225299
2	75809	140145.2	0	75809
3	19821	35036.3	0	19821
4	11562	8759.1	0	11562
5	11659	2189.8	0	11659
6	8830	547.4	0	8830
7	9405	136.9	0	9405
8	11718	34.2	0	11718
9	5453	8.6	0	5395 58
10	9014	2.1	1	8615 399
11	7925	0.5	1	7577 348
12	9013	0.1	1	8579 434
13	8813	0.0	1	8308 505
14	10830	0.0	1	10074 756
15	8718	0.0	1	8209 509
16	8888	0.0	1	8159 729
17	12347	0.0	1	11325 1022
18	5789	0.0	1	5223 566
19	11411	0.0	1	10568 843
20	7996	0.0	1	7527 469
21	7483	0.0	1	7105 378
22	8618	0.0	1	8226 392
23	8699	0.0	1	8161 538
24	12281	0.0	1	11343 938
25	11792	0.0	1	11037 755
26	6408	0.0	1	5923 485
27	7310	0.0	1	6907 403
28	8952	0.0	1	8536 416
29	7940	0.0	1	7499 441
30	10242	0.0	1	9802 440
31	7022	0.0	1	6738 284
32	9837	0.0	1	9420 417
33	9155	0.0	1	8809 346
34	10421	0.0	1	9767 654
35	8045	0.0	1	7645 400
36	10916	0.0	1	10238 678
37	5750	0.0	1	5384 366
38	9160	0.0	1	8578 582
39	7456	0.0	1	7081 375
40	8341	0.0	1	7902 439
41	8884	0.0	1	8467 417
42	9358	0.0	1	8888 470
43	8142	0.0	1	7766 376
44	11530	0.0	1	10929 601
45	23779	0.0	1	23008 771
46	17720	0.0	1	16782 938
47	51819	0.0	1	50402 1417
48	4067	0.0	1	3828 239
49	8125	0.0	1	7863 262
50	2308	0.0	1	2154 154
51	5560	0.0	1	5227 333
52	2963	0.0	1	2668 295
53	7609	0.0	1	7109 500
54	13893	0.0	1	13250 643
55	1946	0.0	1	1739 207
56	9056	0.0	1	8276 780
57	23217	0.0	1	22268 949
58	5725	0.0	1	5508 217
59	769	0.0	1	641 128
60	8541	0.0	1	8195 346
61	770	0.0	1	713 57
62	480	0.0	1	393 87
63	7394	0.0	1	7134 260
64	789	0.0	1	726 63
65	260	0.0	1	229 31
66	939	0.0	1	874 65
67	748	0.0	1	703 45
68	561	0.0	1	516 45
69	1037	0.0	1	986 51
70	1481	0.0	1	1437 44
71	571	0.0	1	541 30
72	409	0.0	1	374 35
73	664	0.0	1	636 28
74	515	0.0	1	488 27
75	873	0.0	1	841 32
76	1398	0.0	1	1330 68
77	2991	0.0	1	2857 134
78	4283	0.0	1	4123 160
79	4927	0.0	1	4696 231
80	5103	0.0	1	4941 162
81	5039	0.0	1	4868 171
82	5100	0.0	1	4940 160
83	5147	0.0	1	4954 193
84	5133	0.0	1	4923 210
85	5192	0.0	1	4996 196
86	5070	0.0	1	4874 196
87	4885	0.0	1	4677 208
88	5063	0.0	1	4920 143
89	4827	0.0	1	4658 169
90	4687	0.0	1	4512 175
91	4738	0.0	1	4594 144
92	4659	0.0	1	4527 132
93	4600	0.0	1	4476 124
94	4493	0.0	1	4376 117
95	4482	0.0	1	4350 132
96	4453	0.0	1	4319 134
97	4411	0.0	1	4266 145
98	4348	0.0	1	4223 125
99	4223	0.0	1	4079 144
100	4168	0.0	1	4060 108
101	4100	0.0	1	4002 98
102	4093	0.0	1	3975 118
103	4010	0.0	1	3883 127
104	3915	0.0	1	3792 123
105	3847	0.0	1	3737 110
106	3735	0.0	1	3615 120
107	3573	0.0	1	3472 101
108	3647	0.0	1	3533 114
109	3550	0.0	1	3454 96
110	3499	0.0	1	3393 106
111	3471	0.0	1	3383 88
112	3278	0.0	1	3196 82
113	3253	0.0	1	3149 104
114	3227	0.0	1	3120 107
115	3149	0.0	1	3044 105
116	3180	0.0	1	3075 105
117	3029	0.0	1	2939 90
118	3095	0.0	1	3016 79
119	2963	0.0	1	2882 81
120	2791	0.0	1	2713 78
121	2740	0.0	1	2659 81
122	2776	0.0	1	2685 91
123	2696	0.0	1	2627 69
124	2580	0.0	1	2525 55
125	2601	0.0	1	2531 70
126	2569	0.0	1	2505 64
127	2543	0.0	1	2482 61
128	2435	0.0	1	2373 62
129	2371	0.0	1	2304 67
130	2310	0.0	1	2254 56
131	2191	0.0	1	2134 57
132	2210	0.0	1	2137 73
133	2278	0.0	1	2203 75
134	2100	0.0	1	2019 81
135	2048	0.0	1	1988 60
136	1969	0.0	1	1918 51
137	2007	0.0	1	1959 48
138	2033	0.0	1	1973 60
139	1935	0.0	1	1868 67
140	1789	0.0	1	1743 46
141	1815	0.0	1	1750 65
142	1713	0.0	1	1654 59
143	1643	0.0	1	1603 40
144	1698	0.0	1	1639 59
145	1657	0.0	1	1618 39
146	1644	0.0	1	1606 38
147	1530	0.0	1	1492 38
148	1530	0.0	1	1487 43
149	1521	0.0	1	1465 56
150	1478	0.0	1	1435 43
151	1435	0.0	1	1398 37
152	1437	0.0	1	1405 32
153	1348	0.0	1	1308 40
154	1340	0.0	1	1293 47
155	1293	0.0	1	1266 27
156	1270	0.0	1	1249 21
157	1212	0.0	1	1180 32
158	1169	0.0	1	1144 25
159	1144	0.0	1	1117 27
160	1102	0.0	1	1075 27
161	1048	0.0	1	1016 32
162	1083	0.0	1	1056 27
163	1055	0.0	1	1018 37
164	1017	0.0	1	987 30
165	993	0.0	1	967 26
166	1007	0.0	1	978 29
167	906	0.0	1	886 20
168	888	0.0	1	872 16
169	927	0.0	1	903 24
170	849	0.0	1	827 22
171	850	0.0	1	835 15
172	837	0.0	1	806 31
173	832	0.0	1	817 15
174	826	0.0	1	807 19
175	798	0.0	1	779 19
176	857	0.0	1	829 28
177	766	0.0	1	747 19
178	756	0.0	1	735 21
179	669	0.0	1	650 19
180	692	0.0	1	666 26
181	678	0.0	1	670 8
182	608	0.0	1	595 13
183	686	0.0	1	674 12
184	635	0.0	1	619 16
185	612	0.0	1	598 14
186	588	0.0	1	575 13
187	544	0.0	1	536 8
188	518	0.0	1	504 14
189	523	0.0	1	514 9
190	546	0.0	1	536 10
191	504	0.0	1	491 13
192	495	0.0	1	482 13
193	537	0.0	1	520 17
194	437	0.0	1	424 13
195	509	0.0	1	491 18
196	511	0.0	1	497 14
197	480	0.0	1	467 13
198	459	0.0	1	447 12
199	429	0.0	1	422 7
200	425	0.0	1	417 8
201	424	0.0	1	409 15
202	434	0.0	1	427 7
203	361	0.0	1	354 7
204	403	0.0	1	393 10
205	411	0.0	1	400 11
206	360	0.0	1	352 8
207	376	0.0	1	369 7
208	374	0.0	1	358 16
209	384	0.0	1	377 7
210	379	0.0	1	371 8
211	416	0.0	1	410 6
212	340	0.0	1	331 9
213	352	0.0	1	347 5
214	338	0.0	1	323 15
215	341	0.0	1	332 9
216	339	0.0	1	326 13
217	323	0.0	1	315 8
218	324	0.0	1	315 9
219	323	0.0	1	315 8
220	309	0.0	1	304 5
221	347	0.0	1	342 5
222	274	0.0	1	268 6
223	248	0.0	1	238 10
224	239	0.0	1	231 8
225	161	0.0	1	158 3
226	152	0.0	1	148 4
227	132	0.0	1	127 5
228	106	0.0	1	103 3
229	66	0.0	1	64 2
230	46	0.0	1	45 1
231	34	0.0	1	32 2
232	31	0.0	1	28 3
233	46	0.0	1	42 4
234	44	0.0	1	41 3
235	40	0.0	1	40
236	43	0.0	1	42 1
237	40	0.0	1	37 3
238	56	0.0	1	54 2
239	67	0.0	1	65 2
240	71	0.0	1	62 9
241	64	0.0	1	59 5
242	92	0.0	1	90 2
243	68	0.0	1	68
244	35	0.0	1	32 3
245	42	0.0	1	38 4
246	31	0.0	1	31
247	36	0.0	1	33 3
248	47	0.0	1	45 2
249	44	0.0	1	42 2
250	92	0.0	1	55 37

RUN STATISTICS FOR INPUT FILE: SRR29655370_2.fastq.gz
=============================================
2242323 sequences processed in total

Total number of sequences analysed for the sequence pair length validation: 2242323

Number of sequence pairs removed because at least one read was shorter than the length cutoff (20 bp): 18339 (0.82%)
