
SUMMARISING RUN PARAMETERS
==========================
Input filename: SRR29655371_1.fastq.gz
Trimming mode: paired-end
Trim Galore version: 0.6.10
Cutadapt version: 4.4
Number of cores used for trimming: 1
Quality Phred score cutoff: 30
Quality encoding type selected: ASCII+33
Using Illumina adapter for trimming (count: 430981). Second best hit was smallRNA (count: 11)
Adapter sequence: 'AGATCGGAAGAGC' (Illumina TruSeq, Sanger iPCR; auto-detected)
Maximum trimming error rate: 0.1 (default)
Minimum required adapter overlap (stringency): 1 bp
Minimum required sequence length for both reads before a sequence pair gets removed: 20 bp
Output file will be GZIP compressed


This is cutadapt 4.4 with Python 3.12.3
Command line parameters: -j 1 -e 0.1 -q 30 -O 1 -a AGATCGGAAGAGC SRR29655371_1.fastq.gz
Processing single-end reads on 1 core ...
Finished in 106.759 s (49.357 µs/read; 1.22 M reads/minute).

=== Summary ===

Total reads processed:               2,162,995
Reads with adapters:                 1,306,200 (60.4%)
Reads written (passing filters):     2,162,995 (100.0%)

Total basepairs processed:   540,748,750 bp
Quality-trimmed:               7,462,535 bp (1.4%)
Total written (filtered):    465,916,359 bp (86.2%)

=== Adapter 1 ===

Sequence: AGATCGGAAGAGC; Type: regular 3'; Length: 13; Trimmed: 1306200 times

Minimum overlap: 1
No. of allowed errors:
1-9 bp: 0; 10-13 bp: 1

Bases preceding removed adapters:
  A: 15.1%
  C: 40.5%
  G: 30.9%
  T: 13.2%
  none/other: 0.3%

Overview of removed sequences
length	count	expect	max.err	error counts
1	193848	540748.8	0	193848
2	60404	135187.2	0	60404
3	19332	33796.8	0	19332
4	11175	8449.2	0	11175
5	10639	2112.3	0	10639
6	8855	528.1	0	8855
7	9039	132.0	0	9039
8	11929	33.0	0	11929
9	5996	8.3	0	5942 54
10	8425	2.1	1	8068 357
11	9176	0.5	1	8729 447
12	8982	0.1	1	8600 382
13	9515	0.0	1	9106 409
14	8895	0.0	1	8548 347
15	9728	0.0	1	9199 529
16	9171	0.0	1	8662 509
17	11864	0.0	1	11108 756
18	9127	0.0	1	8644 483
19	8133	0.0	1	7774 359
20	9785	0.0	1	9326 459
21	9970	0.0	1	9479 491
22	9659	0.0	1	9146 513
23	9861	0.0	1	9448 413
24	9619	0.0	1	9177 442
25	9398	0.0	1	9038 360
26	9233	0.0	1	8934 299
27	10890	0.0	1	10530 360
28	10197	0.0	1	9871 326
29	8764	0.0	1	8478 286
30	9156	0.0	1	8877 279
31	8772	0.0	1	8514 258
32	9714	0.0	1	9365 349
33	9650	0.0	1	9219 431
34	11360	0.0	1	10871 489
35	10011	0.0	1	9627 384
36	8763	0.0	1	8485 278
37	10319	0.0	1	9939 380
38	14180	0.0	1	13584 596
39	8735	0.0	1	8436 299
40	12054	0.0	1	11673 381
41	9821	0.0	1	9481 340
42	11668	0.0	1	11276 392
43	18197	0.0	1	17588 609
44	17085	0.0	1	16452 633
45	32953	0.0	1	32161 792
46	5353	0.0	1	5115 238
47	4528	0.0	1	4330 198
48	11734	0.0	1	11350 384
49	10157	0.0	1	9877 280
50	5916	0.0	1	5683 233
51	14710	0.0	1	14255 455
52	10704	0.0	1	10436 268
53	4557	0.0	1	4390 167
54	7293	0.0	1	7035 258
55	14350	0.0	1	14063 287
56	10796	0.0	1	10555 241
57	10154	0.0	1	9953 201
58	11996	0.0	1	11740 256
59	11833	0.0	1	11628 205
60	2749	0.0	1	2668 81
61	5506	0.0	1	5328 178
62	11762	0.0	1	11545 217
63	4570	0.0	1	4457 113
64	5775	0.0	1	5670 105
65	5930	0.0	1	5762 168
66	10478	0.0	1	10297 181
67	3444	0.0	1	3342 102
68	5131	0.0	1	5007 124
69	3137	0.0	1	3059 78
70	2526	0.0	1	2480 46
71	112	0.0	1	101 11
72	319	0.0	1	291 28
73	1908	0.0	1	1836 72
74	3838	0.0	1	3713 125
75	5422	0.0	1	5293 129
76	6147	0.0	1	6010 137
77	6723	0.0	1	6533 190
78	6923	0.0	1	6744 179
79	6952	0.0	1	6790 162
80	7004	0.0	1	6798 206
81	7033	0.0	1	6843 190
82	6943	0.0	1	6732 211
83	7039	0.0	1	6845 194
84	6861	0.0	1	6678 183
85	6717	0.0	1	6540 177
86	6825	0.0	1	6618 207
87	6684	0.0	1	6501 183
88	6609	0.0	1	6416 193
89	6447	0.0	1	6247 200
90	6361	0.0	1	6206 155
91	6416	0.0	1	6216 200
92	6184	0.0	1	5983 201
93	6028	0.0	1	5866 162
94	6115	0.0	1	5945 170
95	6011	0.0	1	5836 175
96	5803	0.0	1	5632 171
97	5837	0.0	1	5671 166
98	5612	0.0	1	5430 182
99	5683	0.0	1	5534 149
100	5395	0.0	1	5252 143
101	5348	0.0	1	5223 125
102	5318	0.0	1	5189 129
103	5120	0.0	1	5009 111
104	5096	0.0	1	4966 130
105	5039	0.0	1	4885 154
106	4932	0.0	1	4807 125
107	4735	0.0	1	4614 121
108	4625	0.0	1	4482 143
109	4703	0.0	1	4590 113
110	4560	0.0	1	4455 105
111	4466	0.0	1	4350 116
112	4354	0.0	1	4247 107
113	4231	0.0	1	4127 104
114	4127	0.0	1	4023 104
115	4075	0.0	1	3975 100
116	4013	0.0	1	3907 106
117	3873	0.0	1	3772 101
118	3769	0.0	1	3681 88
119	3693	0.0	1	3612 81
120	3626	0.0	1	3541 85
121	3482	0.0	1	3404 78
122	3535	0.0	1	3439 96
123	3295	0.0	1	3222 73
124	3285	0.0	1	3221 64
125	3222	0.0	1	3152 70
126	3032	0.0	1	2969 63
127	3083	0.0	1	3004 79
128	3026	0.0	1	2943 83
129	2861	0.0	1	2786 75
130	2739	0.0	1	2666 73
131	2783	0.0	1	2726 57
132	2765	0.0	1	2690 75
133	2575	0.0	1	2518 57
134	2605	0.0	1	2543 62
135	2388	0.0	1	2332 56
136	2391	0.0	1	2334 57
137	2289	0.0	1	2213 76
138	2293	0.0	1	2236 57
139	2217	0.0	1	2161 56
140	2205	0.0	1	2147 58
141	2132	0.0	1	2081 51
142	1955	0.0	1	1907 48
143	2076	0.0	1	2027 49
144	1870	0.0	1	1831 39
145	1847	0.0	1	1804 43
146	1897	0.0	1	1849 48
147	1723	0.0	1	1684 39
148	1759	0.0	1	1714 45
149	1772	0.0	1	1720 52
150	1606	0.0	1	1560 46
151	1585	0.0	1	1554 31
152	1482	0.0	1	1430 52
153	1497	0.0	1	1468 29
154	1381	0.0	1	1345 36
155	1365	0.0	1	1338 27
156	1292	0.0	1	1264 28
157	1301	0.0	1	1285 16
158	1232	0.0	1	1192 40
159	1188	0.0	1	1152 36
160	1196	0.0	1	1162 34
161	1086	0.0	1	1060 26
162	1090	0.0	1	1055 35
163	1050	0.0	1	1028 22
164	1107	0.0	1	1078 29
165	1013	0.0	1	993 20
166	957	0.0	1	930 27
167	968	0.0	1	952 16
168	920	0.0	1	906 14
169	886	0.0	1	860 26
170	851	0.0	1	834 17
171	832	0.0	1	815 17
172	826	0.0	1	807 19
173	801	0.0	1	783 18
174	727	0.0	1	703 24
175	709	0.0	1	696 13
176	700	0.0	1	680 20
177	651	0.0	1	629 22
178	652	0.0	1	628 24
179	669	0.0	1	644 25
180	618	0.0	1	595 23
181	608	0.0	1	599 9
182	594	0.0	1	575 19
183	527	0.0	1	516 11
184	523	0.0	1	512 11
185	550	0.0	1	539 11
186	483	0.0	1	470 13
187	477	0.0	1	467 10
188	472	0.0	1	461 11
189	426	0.0	1	418 8
190	442	0.0	1	428 14
191	470	0.0	1	463 7
192	435	0.0	1	420 15
193	365	0.0	1	361 4
194	434	0.0	1	420 14
195	382	0.0	1	376 6
196	361	0.0	1	354 7
197	348	0.0	1	333 15
198	375	0.0	1	365 10
199	354	0.0	1	346 8
200	332	0.0	1	327 5
201	360	0.0	1	352 8
202	327	0.0	1	319 8
203	306	0.0	1	295 11
204	297	0.0	1	291 6
205	274	0.0	1	269 5
206	278	0.0	1	267 11
207	282	0.0	1	274 8
208	270	0.0	1	262 8
209	241	0.0	1	235 6
210	274	0.0	1	265 9
211	281	0.0	1	272 9
212	248	0.0	1	243 5
213	249	0.0	1	240 9
214	254	0.0	1	246 8
215	211	0.0	1	204 7
216	219	0.0	1	206 13
217	234	0.0	1	224 10
218	231	0.0	1	222 9
219	242	0.0	1	231 11
220	188	0.0	1	182 6
221	204	0.0	1	202 2
222	190	0.0	1	184 6
223	146	0.0	1	144 2
224	129	0.0	1	122 7
225	110	0.0	1	108 2
226	92	0.0	1	90 2
227	69	0.0	1	68 1
228	60	0.0	1	57 3
229	54	0.0	1	49 5
230	39	0.0	1	36 3
231	44	0.0	1	38 6
232	24	0.0	1	24
233	21	0.0	1	17 4
234	33	0.0	1	32 1
235	24	0.0	1	24
236	22	0.0	1	21 1
237	19	0.0	1	19
238	26	0.0	1	25 1
239	39	0.0	1	36 3
240	36	0.0	1	31 5
241	55	0.0	1	52 3
242	43	0.0	1	42 1
243	71	0.0	1	62 9
244	27	0.0	1	26 1
245	36	0.0	1	31 5
246	28	0.0	1	26 2
247	39	0.0	1	32 7
248	47	0.0	1	33 14
249	104	0.0	1	32 72
250	4015	0.0	1	79 3936

RUN STATISTICS FOR INPUT FILE: SRR29655371_1.fastq.gz
=============================================
2162995 sequences processed in total

