
SUMMARISING RUN PARAMETERS
==========================
Input filename: SRR29655369_2.fastq.gz
Trimming mode: paired-end
Trim Galore version: 0.6.10
Cutadapt version: 4.4
Number of cores used for trimming: 1
Quality Phred score cutoff: 30
Quality encoding type selected: ASCII+33
Using Illumina adapter for trimming (count: 408767). Second best hit was smallRNA (count: 14)
Adapter sequence: 'AGATCGGAAGAGC' (Illumina TruSeq, Sanger iPCR; auto-detected)
Maximum trimming error rate: 0.1 (default)
Minimum required adapter overlap (stringency): 1 bp
Minimum required sequence length for both reads before a sequence pair gets removed: 20 bp
Output file will be GZIP compressed


This is cutadapt 4.4 with Python 3.12.3
Command line parameters: -j 1 -e 0.1 -q 30 -O 1 -a AGATCGGAAGAGC SRR29655369_2.fastq.gz
Processing single-end reads on 1 core ...
Finished in 114.571 s (51.690 µs/read; 1.16 M reads/minute).

=== Summary ===

Total reads processed:               2,216,511
Reads with adapters:                 1,301,709 (58.7%)
Reads written (passing filters):     2,216,511 (100.0%)

Total basepairs processed:   554,127,750 bp
Quality-trimmed:               9,610,387 bp (1.7%)
Total written (filtered):    478,166,405 bp (86.3%)

=== Adapter 1 ===

Sequence: AGATCGGAAGAGC; Type: regular 3'; Length: 13; Trimmed: 1301709 times

Minimum overlap: 1
No. of allowed errors:
1-9 bp: 0; 10-13 bp: 1

Bases preceding removed adapters:
  A: 15.0%
  C: 41.3%
  G: 30.2%
  T: 13.5%
  none/other: 0.0%

Overview of removed sequences
length	count	expect	max.err	error counts
1	197861	554127.8	0	197861
2	67433	138531.9	0	67433
3	18974	34633.0	0	18974
4	11601	8658.2	0	11601
5	11798	2164.6	0	11798
6	9499	541.1	0	9499
7	9750	135.3	0	9750
8	11975	33.8	0	11975
9	6264	8.5	0	6202 62
10	10126	2.1	1	9717 409
11	8278	0.5	1	7918 360
12	9524	0.1	1	9107 417
13	9421	0.0	1	8942 479
14	10935	0.0	1	10275 660
15	9202	0.0	1	8732 470
16	9346	0.0	1	8657 689
17	11712	0.0	1	10869 843
18	6950	0.0	1	6434 516
19	10268	0.0	1	9605 663
20	9861	0.0	1	9373 488
21	9198	0.0	1	8750 448
22	9299	0.0	1	8936 363
23	9219	0.0	1	8735 484
24	11209	0.0	1	10376 833
25	11649	0.0	1	10976 673
26	7351	0.0	1	6896 455
27	9193	0.0	1	8695 498
28	9449	0.0	1	9088 361
29	8650	0.0	1	8202 448
30	9265	0.0	1	8923 342
31	9388	0.0	1	9076 312
32	9134	0.0	1	8785 349
33	10687	0.0	1	10290 397
34	9137	0.0	1	8653 484
35	11688	0.0	1	11214 474
36	7834	0.0	1	7394 440
37	11013	0.0	1	10355 658
38	9480	0.0	1	9012 468
39	9448	0.0	1	8980 468
40	9196	0.0	1	8826 370
41	9294	0.0	1	8910 384
42	12533	0.0	1	11964 569
43	9281	0.0	1	8899 382
44	15319	0.0	1	14555 764
45	27000	0.0	1	26155 845
46	19458	0.0	1	18574 884
47	64579	0.0	1	63038 1541
48	5373	0.0	1	5083 290
49	9250	0.0	1	8918 332
50	2987	0.0	1	2820 167
51	6138	0.0	1	5836 302
52	3722	0.0	1	3468 254
53	9074	0.0	1	8546 528
54	18295	0.0	1	17608 687
55	2089	0.0	1	1884 205
56	10495	0.0	1	9678 817
57	29399	0.0	1	28419 980
58	6435	0.0	1	6222 213
59	894	0.0	1	764 130
60	10550	0.0	1	10177 373
61	1029	0.0	1	950 79
62	577	0.0	1	488 89
63	8944	0.0	1	8665 279
64	938	0.0	1	874 64
65	302	0.0	1	278 24
66	1031	0.0	1	951 80
67	964	0.0	1	913 51
68	656	0.0	1	617 39
69	1145	0.0	1	1093 52
70	1664	0.0	1	1608 56
71	699	0.0	1	675 24
72	537	0.0	1	503 34
73	791	0.0	1	767 24
74	683	0.0	1	654 29
75	994	0.0	1	964 30
76	1740	0.0	1	1679 61
77	3858	0.0	1	3740 118
78	5231	0.0	1	5074 157
79	5973	0.0	1	5773 200
80	6356	0.0	1	6211 145
81	6281	0.0	1	6115 166
82	6188	0.0	1	6013 175
83	6217	0.0	1	6034 183
84	6497	0.0	1	6301 196
85	6466	0.0	1	6291 175
86	6245	0.0	1	6090 155
87	6194	0.0	1	6001 193
88	6055	0.0	1	5867 188
89	6026	0.0	1	5821 205
90	5969	0.0	1	5807 162
91	5624	0.0	1	5476 148
92	5726	0.0	1	5586 140
93	5676	0.0	1	5563 113
94	5683	0.0	1	5554 129
95	5534	0.0	1	5413 121
96	5530	0.0	1	5388 142
97	5397	0.0	1	5262 135
98	5225	0.0	1	5085 140
99	5104	0.0	1	4979 125
100	5089	0.0	1	4933 156
101	5099	0.0	1	4969 130
102	4948	0.0	1	4810 138
103	4865	0.0	1	4751 114
104	4800	0.0	1	4666 134
105	4709	0.0	1	4602 107
106	4670	0.0	1	4558 112
107	4547	0.0	1	4428 119
108	4420	0.0	1	4318 102
109	4460	0.0	1	4349 111
110	4323	0.0	1	4211 112
111	4330	0.0	1	4240 90
112	4158	0.0	1	4055 103
113	4062	0.0	1	3958 104
114	3937	0.0	1	3841 96
115	3921	0.0	1	3827 94
116	3914	0.0	1	3816 98
117	3951	0.0	1	3842 109
118	3679	0.0	1	3603 76
119	3628	0.0	1	3538 90
120	3631	0.0	1	3550 81
121	3478	0.0	1	3389 89
122	3561	0.0	1	3463 98
123	3439	0.0	1	3342 97
124	3289	0.0	1	3201 88
125	3186	0.0	1	3097 89
126	3139	0.0	1	3076 63
127	3162	0.0	1	3094 68
128	3044	0.0	1	2983 61
129	2990	0.0	1	2928 62
130	3008	0.0	1	2946 62
131	2818	0.0	1	2747 71
132	2753	0.0	1	2693 60
133	2691	0.0	1	2624 67
134	2678	0.0	1	2611 67
135	2596	0.0	1	2521 75
136	2544	0.0	1	2503 41
137	2499	0.0	1	2448 51
138	2441	0.0	1	2373 68
139	2354	0.0	1	2296 58
140	2360	0.0	1	2304 56
141	2395	0.0	1	2347 48
142	2173	0.0	1	2115 58
143	2183	0.0	1	2128 55
144	2207	0.0	1	2157 50
145	2003	0.0	1	1967 36
146	2088	0.0	1	2030 58
147	1932	0.0	1	1902 30
148	1932	0.0	1	1894 38
149	1945	0.0	1	1923 22
150	1830	0.0	1	1778 52
151	1808	0.0	1	1768 40
152	1737	0.0	1	1702 35
153	1643	0.0	1	1589 54
154	1637	0.0	1	1604 33
155	1553	0.0	1	1530 23
156	1657	0.0	1	1623 34
157	1531	0.0	1	1512 19
158	1488	0.0	1	1469 19
159	1472	0.0	1	1455 17
160	1450	0.0	1	1421 29
161	1328	0.0	1	1302 26
162	1302	0.0	1	1268 34
163	1264	0.0	1	1235 29
164	1277	0.0	1	1249 28
165	1190	0.0	1	1153 37
166	1137	0.0	1	1118 19
167	1141	0.0	1	1123 18
168	1166	0.0	1	1141 25
169	1063	0.0	1	1043 20
170	1091	0.0	1	1067 24
171	992	0.0	1	971 21
172	1022	0.0	1	998 24
173	1011	0.0	1	987 24
174	984	0.0	1	968 16
175	882	0.0	1	865 17
176	895	0.0	1	877 18
177	881	0.0	1	864 17
178	850	0.0	1	834 16
179	858	0.0	1	841 17
180	823	0.0	1	808 15
181	795	0.0	1	777 18
182	831	0.0	1	818 13
183	728	0.0	1	712 16
184	799	0.0	1	789 10
185	761	0.0	1	747 14
186	692	0.0	1	670 22
187	707	0.0	1	696 11
188	653	0.0	1	641 12
189	631	0.0	1	615 16
190	665	0.0	1	656 9
191	665	0.0	1	655 10
192	600	0.0	1	596 4
193	634	0.0	1	618 16
194	584	0.0	1	576 8
195	559	0.0	1	554 5
196	545	0.0	1	539 6
197	556	0.0	1	544 12
198	506	0.0	1	498 8
199	522	0.0	1	508 14
200	530	0.0	1	519 11
201	469	0.0	1	455 14
202	417	0.0	1	412 5
203	454	0.0	1	448 6
204	476	0.0	1	463 13
205	451	0.0	1	444 7
206	444	0.0	1	435 9
207	409	0.0	1	402 7
208	384	0.0	1	374 10
209	412	0.0	1	401 11
210	433	0.0	1	423 10
211	384	0.0	1	379 5
212	408	0.0	1	399 9
213	376	0.0	1	370 6
214	378	0.0	1	374 4
215	394	0.0	1	388 6
216	354	0.0	1	346 8
217	380	0.0	1	373 7
218	315	0.0	1	313 2
219	364	0.0	1	357 7
220	324	0.0	1	315 9
221	320	0.0	1	315 5
222	265	0.0	1	261 4
223	280	0.0	1	276 4
224	282	0.0	1	274 8
225	236	0.0	1	232 4
226	189	0.0	1	185 4
227	138	0.0	1	136 2
228	137	0.0	1	135 2
229	101	0.0	1	98 3
230	72	0.0	1	72
231	55	0.0	1	54 1
232	67	0.0	1	66 1
233	77	0.0	1	75 2
234	61	0.0	1	59 2
235	84	0.0	1	82 2
236	60	0.0	1	57 3
237	84	0.0	1	82 2
238	84	0.0	1	80 4
239	94	0.0	1	90 4
240	112	0.0	1	111 1
241	139	0.0	1	137 2
242	157	0.0	1	152 5
243	128	0.0	1	126 2
244	62	0.0	1	59 3
245	59	0.0	1	53 6
246	27	0.0	1	26 1
247	33	0.0	1	33
248	47	0.0	1	44 3
249	28	0.0	1	27 1
250	71	0.0	1	65 6

RUN STATISTICS FOR INPUT FILE: SRR29655369_2.fastq.gz
=============================================
2216511 sequences processed in total

Total number of sequences analysed for the sequence pair length validation: 2216511

Number of sequence pairs removed because at least one read was shorter than the length cutoff (20 bp): 16171 (0.73%)
