
SUMMARISING RUN PARAMETERS
==========================
Input filename: SRR25205314_1.fastq.gz
Trimming mode: paired-end
Trim Galore version: 0.6.10
Cutadapt version: 4.4
Number of cores used for trimming: 1
Quality Phred score cutoff: 30
Quality encoding type selected: ASCII+33
Using Illumina adapter for trimming (count: 9743). Second best hit was Nextera (count: 0)
Adapter sequence: 'AGATCGGAAGAGC' (Illumina TruSeq, Sanger iPCR; auto-detected)
Maximum trimming error rate: 0.1 (default)
Minimum required adapter overlap (stringency): 1 bp
Minimum required sequence length for both reads before a sequence pair gets removed: 20 bp
Output file will be GZIP compressed


This is cutadapt 4.4 with Python 3.12.3
Command line parameters: -j 1 -e 0.1 -q 30 -O 1 -a AGATCGGAAGAGC SRR25205314_1.fastq.gz
Processing single-end reads on 1 core ...
Finished in 95.310 s (33.322 µs/read; 1.80 M reads/minute).

=== Summary ===

Total reads processed:               2,860,300
Reads with adapters:                   669,125 (23.4%)
Reads written (passing filters):     2,860,300 (100.0%)

Total basepairs processed:   431,905,300 bp
Quality-trimmed:               3,097,257 bp (0.7%)
Total written (filtered):    426,523,869 bp (98.8%)

=== Adapter 1 ===

Sequence: AGATCGGAAGAGC; Type: regular 3'; Length: 13; Trimmed: 669125 times

Minimum overlap: 1
No. of allowed errors:
1-9 bp: 0; 10-13 bp: 1

Bases preceding removed adapters:
  A: 19.5%
  C: 45.3%
  G: 26.3%
  T: 9.0%
  none/other: 0.0%

Overview of removed sequences
length	count	expect	max.err	error counts
1	458004	715075.0	0	458004
2	141641	178768.8	0	141641
3	21151	44692.2	0	21151
4	7334	11173.0	0	7334
5	4494	2793.3	0	4494
6	2367	698.3	0	2367
7	1233	174.6	0	1233
8	922	43.6	0	922
9	901	10.9	0	824 77
10	825	2.7	1	741 84
11	738	0.7	1	668 70
12	722	0.2	1	697 25
13	758	0.0	1	735 23
14	738	0.0	1	712 26
15	765	0.0	1	728 37
16	724	0.0	1	693 31
17	747	0.0	1	718 29
18	735	0.0	1	709 26
19	569	0.0	1	548 21
20	654	0.0	1	621 33
21	614	0.0	1	589 25
22	610	0.0	1	580 30
23	582	0.0	1	560 22
24	568	0.0	1	538 30
25	580	0.0	1	553 27
26	466	0.0	1	438 28
27	597	0.0	1	570 27
28	561	0.0	1	539 22
29	535	0.0	1	513 22
30	510	0.0	1	485 25
31	406	0.0	1	389 17
32	468	0.0	1	447 21
33	387	0.0	1	365 22
34	466	0.0	1	444 22
35	537	0.0	1	517 20
36	411	0.0	1	390 21
37	552	0.0	1	530 22
38	382	0.0	1	362 20
39	432	0.0	1	412 20
40	398	0.0	1	381 17
41	303	0.0	1	291 12
42	341	0.0	1	326 15
43	492	0.0	1	477 15
44	410	0.0	1	388 22
45	726	0.0	1	711 15
46	47	0.0	1	45 2
47	133	0.0	1	121 12
48	319	0.0	1	306 13
49	269	0.0	1	262 7
50	187	0.0	1	177 10
51	267	0.0	1	259 8
52	250	0.0	1	237 13
53	230	0.0	1	214 16
54	222	0.0	1	209 13
55	413	0.0	1	392 21
56	202	0.0	1	195 7
57	265	0.0	1	251 14
58	229	0.0	1	223 6
59	328	0.0	1	316 12
60	92	0.0	1	85 7
61	145	0.0	1	137 8
62	377	0.0	1	362 15
63	132	0.0	1	121 11
64	120	0.0	1	115 5
65	93	0.0	1	85 8
66	234	0.0	1	230 4
67	109	0.0	1	105 4
68	157	0.0	1	152 5
69	38	0.0	1	36 2
70	26	0.0	1	22 4
71	9	0.0	1	5 4
72	28	0.0	1	24 4
73	82	0.0	1	80 2
74	122	0.0	1	105 17
75	141	0.0	1	126 15
76	123	0.0	1	116 7
77	136	0.0	1	127 9
78	142	0.0	1	131 11
79	127	0.0	1	118 9
80	122	0.0	1	113 9
81	117	0.0	1	111 6
82	109	0.0	1	96 13
83	108	0.0	1	100 8
84	120	0.0	1	114 6
85	125	0.0	1	117 8
86	124	0.0	1	114 10
87	122	0.0	1	106 16
88	103	0.0	1	93 10
89	115	0.0	1	106 9
90	104	0.0	1	97 7
91	104	0.0	1	95 9
92	101	0.0	1	94 7
93	92	0.0	1	89 3
94	100	0.0	1	90 10
95	101	0.0	1	93 8
96	78	0.0	1	73 5
97	100	0.0	1	96 4
98	87	0.0	1	71 16
99	99	0.0	1	89 10
100	93	0.0	1	88 5
101	78	0.0	1	68 10
102	96	0.0	1	85 11
103	94	0.0	1	84 10
104	78	0.0	1	71 7
105	86	0.0	1	79 7
106	89	0.0	1	82 7
107	82	0.0	1	73 9
108	89	0.0	1	86 3
109	80	0.0	1	79 1
110	79	0.0	1	68 11
111	67	0.0	1	63 4
112	91	0.0	1	82 9
113	92	0.0	1	87 5
114	84	0.0	1	73 11
115	83	0.0	1	73 10
116	90	0.0	1	83 7
117	86	0.0	1	81 5
118	97	0.0	1	93 4
119	87	0.0	1	80 7
120	88	0.0	1	83 5
121	85	0.0	1	80 5
122	55	0.0	1	45 10
123	76	0.0	1	70 6
124	75	0.0	1	67 8
125	58	0.0	1	57 1
126	67	0.0	1	62 5
127	49	0.0	1	49
128	67	0.0	1	61 6
129	33	0.0	1	29 4
130	37	0.0	1	35 2
131	11	0.0	1	9 2
132	15	0.0	1	6 9
133	7	0.0	1	4 3
134	13	0.0	1	8 5
135	4	0.0	1	3 1
136	19	0.0	1	11 8
137	10	0.0	1	9 1
138	5	0.0	1	2 3
139	12	0.0	1	11 1
140	13	0.0	1	10 3
141	14	0.0	1	11 3
142	18	0.0	1	16 2
143	22	0.0	1	18 4
144	5	0.0	1	4 1
145	5	0.0	1	4 1
146	6	0.0	1	4 2
147	2	0.0	1	1 1
148	7	0.0	1	4 3
149	3	0.0	1	3
150	15	0.0	1	6 9
151	227	0.0	1	13 214

RUN STATISTICS FOR INPUT FILE: SRR25205314_1.fastq.gz
=============================================
2860300 sequences processed in total

