
SUMMARISING RUN PARAMETERS
==========================
Input filename: SRR25183134_1.fastq.gz
Trimming mode: paired-end
Trim Galore version: 0.6.10
Cutadapt version: 4.4
Number of cores used for trimming: 1
Quality Phred score cutoff: 30
Quality encoding type selected: ASCII+33
Using Illumina adapter for trimming (count: 8266). Second best hit was Nextera (count: 0)
Adapter sequence: 'AGATCGGAAGAGC' (Illumina TruSeq, Sanger iPCR; auto-detected)
Maximum trimming error rate: 0.1 (default)
Minimum required adapter overlap (stringency): 1 bp
Minimum required sequence length for both reads before a sequence pair gets removed: 20 bp
Output file will be GZIP compressed


This is cutadapt 4.4 with Python 3.12.3
Command line parameters: -j 1 -e 0.1 -q 30 -O 1 -a AGATCGGAAGAGC SRR25183134_1.fastq.gz
Processing single-end reads on 1 core ...
Finished in 146.912 s (35.565 µs/read; 1.69 M reads/minute).

=== Summary ===

Total reads processed:               4,130,835
Reads with adapters:                 1,001,080 (24.2%)
Reads written (passing filters):     4,130,835 (100.0%)

Total basepairs processed:   623,756,085 bp
Quality-trimmed:               3,170,089 bp (0.5%)
Total written (filtered):    617,686,687 bp (99.0%)

=== Adapter 1 ===

Sequence: AGATCGGAAGAGC; Type: regular 3'; Length: 13; Trimmed: 1001080 times

Minimum overlap: 1
No. of allowed errors:
1-9 bp: 0; 10-13 bp: 1

Bases preceding removed adapters:
  A: 21.6%
  C: 43.2%
  G: 25.0%
  T: 10.2%
  none/other: 0.0%

Overview of removed sequences
length	count	expect	max.err	error counts
1	704769	1032708.8	0	704769
2	200849	258177.2	0	200849
3	30152	64544.3	0	30152
4	11754	16136.1	0	11754
5	5880	4034.0	0	5880
6	3239	1008.5	0	3239
7	1555	252.1	0	1555
8	1151	63.0	0	1151
9	1257	15.8	0	1155 102
10	1159	3.9	1	1017 142
11	999	1.0	1	889 110
12	1017	0.2	1	955 62
13	1039	0.1	1	962 77
14	1096	0.1	1	1013 83
15	1008	0.1	1	951 57
16	985	0.1	1	925 60
17	1040	0.1	1	978 62
18	972	0.1	1	904 68
19	765	0.1	1	723 42
20	891	0.1	1	842 49
21	837	0.1	1	794 43
22	830	0.1	1	765 65
23	811	0.1	1	755 56
24	848	0.1	1	802 46
25	859	0.1	1	803 56
26	621	0.1	1	583 38
27	845	0.1	1	799 46
28	727	0.1	1	676 51
29	763	0.1	1	694 69
30	732	0.1	1	698 34
31	575	0.1	1	536 39
32	633	0.1	1	581 52
33	671	0.1	1	624 47
34	710	0.1	1	669 41
35	521	0.1	1	480 41
36	619	0.1	1	576 43
37	606	0.1	1	566 40
38	664	0.1	1	635 29
39	564	0.1	1	523 41
40	606	0.1	1	570 36
41	588	0.1	1	553 35
42	561	0.1	1	514 47
43	681	0.1	1	644 37
44	608	0.1	1	558 50
45	1174	0.1	1	1143 31
46	95	0.1	1	82 13
47	260	0.1	1	226 34
48	475	0.1	1	440 35
49	467	0.1	1	443 24
50	259	0.1	1	234 25
51	497	0.1	1	469 28
52	349	0.1	1	326 23
53	316	0.1	1	296 20
54	390	0.1	1	350 40
55	634	0.1	1	594 40
56	486	0.1	1	467 19
57	340	0.1	1	311 29
58	385	0.1	1	355 30
59	514	0.1	1	501 13
60	83	0.1	1	71 12
61	120	0.1	1	104 16
62	368	0.1	1	352 16
63	90	0.1	1	83 7
64	179	0.1	1	167 12
65	188	0.1	1	172 16
66	242	0.1	1	233 9
67	130	0.1	1	106 24
68	232	0.1	1	218 14
69	156	0.1	1	144 12
70	78	0.1	1	75 3
71	2	0.1	1	0 2
72	18	0.1	1	10 8
73	72	0.1	1	61 11
74	131	0.1	1	112 19
75	161	0.1	1	141 20
76	139	0.1	1	130 9
77	168	0.1	1	157 11
78	167	0.1	1	155 12
79	181	0.1	1	168 13
80	145	0.1	1	135 10
81	136	0.1	1	127 9
82	141	0.1	1	131 10
83	137	0.1	1	129 8
84	124	0.1	1	106 18
85	152	0.1	1	140 12
86	108	0.1	1	99 9
87	120	0.1	1	107 13
88	114	0.1	1	107 7
89	94	0.1	1	85 9
90	105	0.1	1	99 6
91	106	0.1	1	96 10
92	92	0.1	1	80 12
93	89	0.1	1	85 4
94	86	0.1	1	75 11
95	95	0.1	1	87 8
96	87	0.1	1	81 6
97	85	0.1	1	76 9
98	72	0.1	1	67 5
99	63	0.1	1	57 6
100	59	0.1	1	49 10
101	66	0.1	1	55 11
102	63	0.1	1	55 8
103	59	0.1	1	55 4
104	47	0.1	1	45 2
105	59	0.1	1	51 8
106	41	0.1	1	34 7
107	46	0.1	1	38 8
108	37	0.1	1	29 8
109	46	0.1	1	39 7
110	38	0.1	1	32 6
111	37	0.1	1	31 6
112	34	0.1	1	30 4
113	42	0.1	1	36 6
114	35	0.1	1	26 9
115	22	0.1	1	14 8
116	34	0.1	1	27 7
117	29	0.1	1	25 4
118	24	0.1	1	19 5
119	23	0.1	1	22 1
120	36	0.1	1	33 3
121	26	0.1	1	20 6
122	22	0.1	1	17 5
123	19	0.1	1	18 1
124	15	0.1	1	12 3
125	22	0.1	1	16 6
126	21	0.1	1	21
127	21	0.1	1	18 3
128	10	0.1	1	9 1
129	13	0.1	1	7 6
130	7	0.1	1	5 2
131	3	0.1	1	1 2
132	6	0.1	1	1 5
133	7	0.1	1	4 3
134	7	0.1	1	1 6
135	5	0.1	1	1 4
136	2	0.1	1	1 1
137	6	0.1	1	4 2
138	5	0.1	1	3 2
139	7	0.1	1	3 4
140	4	0.1	1	2 2
141	1	0.1	1	0 1
142	2	0.1	1	1 1
143	11	0.1	1	8 3
144	6	0.1	1	3 3
145	3	0.1	1	0 3
146	5	0.1	1	1 4
147	3	0.1	1	0 3
148	9	0.1	1	3 6
149	7	0.1	1	3 4
150	8	0.1	1	3 5
151	166	0.1	1	3 163

RUN STATISTICS FOR INPUT FILE: SRR25183134_1.fastq.gz
=============================================
4130835 sequences processed in total

