
SUMMARISING RUN PARAMETERS
==========================
Input filename: SRR25183137_1.fastq.gz
Trimming mode: paired-end
Trim Galore version: 0.6.10
Cutadapt version: 4.4
Number of cores used for trimming: 1
Quality Phred score cutoff: 30
Quality encoding type selected: ASCII+33
Using Illumina adapter for trimming (count: 80651). Second best hit was smallRNA (count: 0)
Adapter sequence: 'AGATCGGAAGAGC' (Illumina TruSeq, Sanger iPCR; auto-detected)
Maximum trimming error rate: 0.1 (default)
Minimum required adapter overlap (stringency): 1 bp
Minimum required sequence length for both reads before a sequence pair gets removed: 20 bp
Output file will be GZIP compressed


This is cutadapt 4.4 with Python 3.12.3
Command line parameters: -j 1 -e 0.1 -q 30 -O 1 -a AGATCGGAAGAGC SRR25183137_1.fastq.gz
Processing single-end reads on 1 core ...
Finished in 35.571 s (30.686 µs/read; 1.96 M reads/minute).

=== Summary ===

Total reads processed:               1,159,196
Reads with adapters:                   344,129 (29.7%)
Reads written (passing filters):     1,159,196 (100.0%)

Total basepairs processed:   175,038,596 bp
Quality-trimmed:                 865,607 bp (0.5%)
Total written (filtered):    168,450,509 bp (96.2%)

=== Adapter 1 ===

Sequence: AGATCGGAAGAGC; Type: regular 3'; Length: 13; Trimmed: 344129 times

Minimum overlap: 1
No. of allowed errors:
1-9 bp: 0; 10-13 bp: 1

Bases preceding removed adapters:
  A: 16.9%
  C: 43.9%
  G: 28.3%
  T: 10.5%
  none/other: 0.4%

Overview of removed sequences
length	count	expect	max.err	error counts
1	166719	289799.0	0	166719
2	53172	72449.8	0	53172
3	9234	18112.4	0	9234
4	3831	4528.1	0	3831
5	2956	1132.0	0	2956
6	2172	283.0	0	2172
7	1682	70.8	0	1682
8	1852	17.7	0	1852
9	1351	4.4	0	1322 29
10	1614	1.1	1	1574 40
11	1450	0.3	1	1405 45
12	1515	0.1	1	1483 32
13	1569	0.0	1	1547 22
14	1490	0.0	1	1462 28
15	1639	0.0	1	1601 38
16	1388	0.0	1	1358 30
17	1572	0.0	1	1527 45
18	1640	0.0	1	1612 28
19	1176	0.0	1	1157 19
20	1511	0.0	1	1479 32
21	1361	0.0	1	1340 21
22	1460	0.0	1	1438 22
23	1471	0.0	1	1444 27
24	1270	0.0	1	1238 32
25	1378	0.0	1	1358 20
26	1364	0.0	1	1334 30
27	1308	0.0	1	1279 29
28	1429	0.0	1	1412 17
29	1409	0.0	1	1394 15
30	1491	0.0	1	1477 14
31	1109	0.0	1	1096 13
32	1401	0.0	1	1379 22
33	1262	0.0	1	1241 21
34	1309	0.0	1	1289 20
35	1424	0.0	1	1404 20
36	1172	0.0	1	1147 25
37	1271	0.0	1	1259 12
38	1152	0.0	1	1135 17
39	1183	0.0	1	1163 20
40	1293	0.0	1	1273 20
41	1310	0.0	1	1288 22
42	1316	0.0	1	1297 19
43	1701	0.0	1	1675 26
44	1264	0.0	1	1240 24
45	4132	0.0	1	4082 50
46	209	0.0	1	199 10
47	853	0.0	1	844 9
48	1511	0.0	1	1491 20
49	1223	0.0	1	1206 17
50	684	0.0	1	675 9
51	1845	0.0	1	1819 26
52	933	0.0	1	918 15
53	735	0.0	1	725 10
54	1185	0.0	1	1159 26
55	1828	0.0	1	1819 9
56	1008	0.0	1	990 18
57	1389	0.0	1	1377 12
58	786	0.0	1	768 18
59	1344	0.0	1	1326 18
60	272	0.0	1	267 5
61	228	0.0	1	223 5
62	1196	0.0	1	1175 21
63	587	0.0	1	583 4
64	312	0.0	1	305 7
65	572	0.0	1	567 5
66	882	0.0	1	869 13
67	335	0.0	1	331 4
68	831	0.0	1	821 10
69	646	0.0	1	639 7
70	681	0.0	1	671 10
71	27	0.0	1	22 5
72	29	0.0	1	26 3
73	243	0.0	1	238 5
74	511	0.0	1	503 8
75	583	0.0	1	572 11
76	677	0.0	1	666 11
77	602	0.0	1	596 6
78	673	0.0	1	665 8
79	662	0.0	1	649 13
80	661	0.0	1	655 6
81	620	0.0	1	612 8
82	588	0.0	1	576 12
83	619	0.0	1	605 14
84	660	0.0	1	646 14
85	619	0.0	1	612 7
86	580	0.0	1	566 14
87	584	0.0	1	577 7
88	564	0.0	1	553 11
89	525	0.0	1	522 3
90	523	0.0	1	520 3
91	528	0.0	1	526 2
92	491	0.0	1	487 4
93	484	0.0	1	474 10
94	504	0.0	1	498 6
95	503	0.0	1	498 5
96	459	0.0	1	453 6
97	498	0.0	1	489 9
98	456	0.0	1	448 8
99	457	0.0	1	446 11
100	457	0.0	1	449 8
101	401	0.0	1	396 5
102	395	0.0	1	387 8
103	408	0.0	1	398 10
104	415	0.0	1	402 13
105	392	0.0	1	384 8
106	360	0.0	1	356 4
107	331	0.0	1	325 6
108	355	0.0	1	350 5
109	375	0.0	1	370 5
110	367	0.0	1	362 5
111	353	0.0	1	343 10
112	371	0.0	1	369 2
113	358	0.0	1	353 5
114	291	0.0	1	284 7
115	300	0.0	1	290 10
116	341	0.0	1	338 3
117	334	0.0	1	330 4
118	320	0.0	1	316 4
119	344	0.0	1	339 5
120	312	0.0	1	307 5
121	314	0.0	1	308 6
122	293	0.0	1	291 2
123	244	0.0	1	242 2
124	229	0.0	1	223 6
125	235	0.0	1	231 4
126	225	0.0	1	221 4
127	153	0.0	1	150 3
128	184	0.0	1	182 2
129	142	0.0	1	140 2
130	70	0.0	1	69 1
131	53	0.0	1	52 1
132	22	0.0	1	20 2
133	13	0.0	1	12 1
134	12	0.0	1	12
135	15	0.0	1	14 1
136	19	0.0	1	14 5
137	15	0.0	1	15
138	15	0.0	1	13 2
139	10	0.0	1	8 2
140	15	0.0	1	15
141	24	0.0	1	22 2
142	23	0.0	1	22 1
143	11	0.0	1	11
144	12	0.0	1	11 1
145	14	0.0	1	12 2
146	8	0.0	1	8
147	13	0.0	1	10 3
148	22	0.0	1	22
149	23	0.0	1	20 3
150	46	0.0	1	22 24
151	1297	0.0	1	31 1266

RUN STATISTICS FOR INPUT FILE: SRR25183137_1.fastq.gz
=============================================
1159196 sequences processed in total

