
SUMMARISING RUN PARAMETERS
==========================
Input filename: SRR25183094_1.fastq.gz
Trimming mode: paired-end
Trim Galore version: 0.6.10
Cutadapt version: 4.4
Number of cores used for trimming: 1
Quality Phred score cutoff: 30
Quality encoding type selected: ASCII+33
Using Illumina adapter for trimming (count: 2684). Second best hit was Nextera (count: 0)
Adapter sequence: 'AGATCGGAAGAGC' (Illumina TruSeq, Sanger iPCR; auto-detected)
Maximum trimming error rate: 0.1 (default)
Minimum required adapter overlap (stringency): 1 bp
Minimum required sequence length for both reads before a sequence pair gets removed: 20 bp
Output file will be GZIP compressed


This is cutadapt 4.4 with Python 3.12.3
Command line parameters: -j 1 -e 0.1 -q 30 -O 1 -a AGATCGGAAGAGC SRR25183094_1.fastq.gz
Processing single-end reads on 1 core ...
Finished in 265.887 s (39.455 µs/read; 1.52 M reads/minute).

=== Summary ===

Total reads processed:               6,739,071
Reads with adapters:                 1,535,277 (22.8%)
Reads written (passing filters):     6,739,071 (100.0%)

Total basepairs processed: 1,017,599,721 bp
Quality-trimmed:               5,520,163 bp (0.5%)
Total written (filtered):  1,008,992,980 bp (99.2%)

=== Adapter 1 ===

Sequence: AGATCGGAAGAGC; Type: regular 3'; Length: 13; Trimmed: 1535277 times

Minimum overlap: 1
No. of allowed errors:
1-9 bp: 0; 10-13 bp: 1

Bases preceding removed adapters:
  A: 20.3%
  C: 45.6%
  G: 25.4%
  T: 8.7%
  none/other: 0.0%

Overview of removed sequences
length	count	expect	max.err	error counts
1	1102422	1684767.8	0	1102422
2	333097	421191.9	0	333097
3	46245	105298.0	0	46245
4	16390	26324.5	0	16390
5	8677	6581.1	0	8677
6	3918	1645.3	0	3918
7	1345	411.3	0	1345
8	609	102.8	0	609
9	667	25.7	0	488 179
10	628	6.4	1	478 150
11	485	1.6	1	372 113
12	465	0.4	1	418 47
13	408	0.1	1	379 29
14	454	0.1	1	403 51
15	439	0.1	1	395 44
16	398	0.1	1	357 41
17	448	0.1	1	419 29
18	421	0.1	1	391 30
19	329	0.1	1	296 33
20	381	0.1	1	352 29
21	386	0.1	1	356 30
22	321	0.1	1	289 32
23	380	0.1	1	346 34
24	405	0.1	1	376 29
25	410	0.1	1	381 29
26	320	0.1	1	287 33
27	328	0.1	1	301 27
28	357	0.1	1	325 32
29	389	0.1	1	362 27
30	331	0.1	1	301 30
31	268	0.1	1	244 24
32	280	0.1	1	257 23
33	273	0.1	1	246 27
34	277	0.1	1	256 21
35	306	0.1	1	282 24
36	317	0.1	1	290 27
37	304	0.1	1	266 38
38	263	0.1	1	240 23
39	297	0.1	1	263 34
40	331	0.1	1	296 35
41	334	0.1	1	313 21
42	265	0.1	1	236 29
43	420	0.1	1	380 40
44	459	0.1	1	378 81
45	1361	0.1	1	1332 29
46	104	0.1	1	97 7
47	44	0.1	1	32 12
48	269	0.1	1	255 14
49	217	0.1	1	202 15
50	104	0.1	1	87 17
51	243	0.1	1	224 19
52	151	0.1	1	137 14
53	120	0.1	1	103 17
54	194	0.1	1	165 29
55	316	0.1	1	303 13
56	173	0.1	1	163 10
57	72	0.1	1	63 9
58	91	0.1	1	78 13
59	176	0.1	1	164 12
60	8	0.1	1	4 4
61	41	0.1	1	31 10
62	155	0.1	1	145 10
63	23	0.1	1	19 4
64	41	0.1	1	35 6
65	101	0.1	1	89 12
66	89	0.1	1	81 8
67	31	0.1	1	23 8
68	102	0.1	1	92 10
69	82	0.1	1	72 10
70	30	0.1	1	27 3
71	6	0.1	1	0 6
72	8	0.1	1	5 3
73	63	0.1	1	54 9
74	105	0.1	1	93 12
75	104	0.1	1	90 14
76	145	0.1	1	128 17
77	83	0.1	1	70 13
78	118	0.1	1	107 11
79	102	0.1	1	93 9
80	107	0.1	1	99 8
81	117	0.1	1	110 7
82	88	0.1	1	73 15
83	109	0.1	1	93 16
84	112	0.1	1	97 15
85	89	0.1	1	76 13
86	87	0.1	1	75 12
87	104	0.1	1	93 11
88	91	0.1	1	83 8
89	93	0.1	1	80 13
90	79	0.1	1	72 7
91	90	0.1	1	79 11
92	96	0.1	1	80 16
93	68	0.1	1	61 7
94	95	0.1	1	84 11
95	102	0.1	1	83 19
96	66	0.1	1	61 5
97	81	0.1	1	75 6
98	89	0.1	1	72 17
99	94	0.1	1	74 20
100	86	0.1	1	79 7
101	70	0.1	1	57 13
102	93	0.1	1	79 14
103	59	0.1	1	53 6
104	67	0.1	1	54 13
105	62	0.1	1	52 10
106	70	0.1	1	57 13
107	67	0.1	1	57 10
108	66	0.1	1	52 14
109	78	0.1	1	73 5
110	58	0.1	1	52 6
111	65	0.1	1	55 10
112	71	0.1	1	58 13
113	62	0.1	1	49 13
114	62	0.1	1	51 11
115	52	0.1	1	42 10
116	50	0.1	1	41 9
117	58	0.1	1	54 4
118	45	0.1	1	33 12
119	45	0.1	1	36 9
120	54	0.1	1	46 8
121	51	0.1	1	47 4
122	61	0.1	1	52 9
123	53	0.1	1	43 10
124	50	0.1	1	45 5
125	30	0.1	1	23 7
126	34	0.1	1	29 5
127	43	0.1	1	38 5
128	45	0.1	1	34 11
129	29	0.1	1	23 6
130	16	0.1	1	13 3
131	13	0.1	1	7 6
132	8	0.1	1	3 5
133	12	0.1	1	7 5
134	9	0.1	1	2 7
135	7	0.1	1	4 3
136	8	0.1	1	2 6
137	9	0.1	1	5 4
138	5	0.1	1	2 3
139	6	0.1	1	4 2
140	9	0.1	1	4 5
141	6	0.1	1	2 4
142	11	0.1	1	7 4
143	7	0.1	1	5 2
144	13	0.1	1	8 5
145	7	0.1	1	2 5
146	6	0.1	1	2 4
147	10	0.1	1	5 5
148	11	0.1	1	5 6
149	5	0.1	1	1 4
150	5	0.1	1	2 3
151	182	0.1	1	10 172

RUN STATISTICS FOR INPUT FILE: SRR25183094_1.fastq.gz
=============================================
6739071 sequences processed in total

