
SUMMARISING RUN PARAMETERS
==========================
Input filename: SRR29695059_1.fastq.gz
Trimming mode: paired-end
Trim Galore version: 0.6.10
Cutadapt version: 4.4
Number of cores used for trimming: 1
Quality Phred score cutoff: 30
Quality encoding type selected: ASCII+33
Using Illumina adapter for trimming (count: 320186). Second best hit was smallRNA (count: 15)
Adapter sequence: 'AGATCGGAAGAGC' (Illumina TruSeq, Sanger iPCR; auto-detected)
Maximum trimming error rate: 0.1 (default)
Minimum required adapter overlap (stringency): 1 bp
Minimum required sequence length for both reads before a sequence pair gets removed: 20 bp
Output file will be GZIP compressed


This is cutadapt 4.4 with Python 3.12.3
Command line parameters: -j 1 -e 0.1 -q 30 -O 1 -a AGATCGGAAGAGC SRR29695059_1.fastq.gz
Processing single-end reads on 1 core ...
Finished in 119.643 s (53.783 µs/read; 1.12 M reads/minute).

=== Summary ===

Total reads processed:               2,224,547
Reads with adapters:                 1,140,929 (51.3%)
Reads written (passing filters):     2,224,547 (100.0%)

Total basepairs processed:   556,136,750 bp
Quality-trimmed:               8,460,833 bp (1.5%)
Total written (filtered):    491,088,574 bp (88.3%)

=== Adapter 1 ===

Sequence: AGATCGGAAGAGC; Type: regular 3'; Length: 13; Trimmed: 1140929 times

Minimum overlap: 1
No. of allowed errors:
1-9 bp: 0; 10-13 bp: 1

Bases preceding removed adapters:
  A: 14.9%
  C: 41.5%
  G: 30.2%
  T: 13.2%
  none/other: 0.1%

Overview of removed sequences
length	count	expect	max.err	error counts
1	233446	556136.8	0	233446
2	72850	139034.2	0	72850
3	20630	34758.5	0	20630
4	11032	8689.6	0	11032
5	10236	2172.4	0	10236
6	8216	543.1	0	8216
7	8130	135.8	0	8130
8	9695	33.9	0	9695
9	5842	8.5	0	5782 60
10	7216	2.1	1	6901 315
11	7879	0.5	1	7491 388
12	7436	0.1	1	7078 358
13	8260	0.0	1	7885 375
14	7283	0.0	1	6974 309
15	7791	0.0	1	7375 416
16	7495	0.0	1	7096 399
17	9625	0.0	1	9069 556
18	7539	0.0	1	7188 351
19	6542	0.0	1	6263 279
20	7781	0.0	1	7424 357
21	7814	0.0	1	7409 405
22	7376	0.0	1	7025 351
23	7836	0.0	1	7495 341
24	7501	0.0	1	7153 348
25	8060	0.0	1	7713 347
26	6981	0.0	1	6705 276
27	7707	0.0	1	7410 297
28	8065	0.0	1	7763 302
29	7340	0.0	1	7070 270
30	7304	0.0	1	7077 227
31	6546	0.0	1	6316 230
32	7267	0.0	1	6981 286
33	7302	0.0	1	6986 316
34	8822	0.0	1	8460 362
35	7503	0.0	1	7227 276
36	7936	0.0	1	7602 334
37	9633	0.0	1	9239 394
38	9747	0.0	1	9354 393
39	6621	0.0	1	6383 238
40	8011	0.0	1	7763 248
41	8310	0.0	1	7997 313
42	8637	0.0	1	8300 337
43	11533	0.0	1	10977 556
44	18688	0.0	1	17878 810
45	53943	0.0	1	52986 957
46	5391	0.0	1	5150 241
47	6059	0.0	1	5643 416
48	32798	0.0	1	32258 540
49	9145	0.0	1	8966 179
50	1419	0.0	1	1309 110
51	8263	0.0	1	8065 198
52	1365	0.0	1	1303 62
53	225	0.0	1	190 35
54	2617	0.0	1	2530 87
55	2493	0.0	1	2420 73
56	1349	0.0	1	1296 53
57	370	0.0	1	352 18
58	979	0.0	1	936 43
59	2913	0.0	1	2844 69
60	98	0.0	1	75 23
61	1131	0.0	1	1078 53
62	2302	0.0	1	2238 64
63	172	0.0	1	154 18
64	585	0.0	1	554 31
65	2572	0.0	1	2517 55
66	2205	0.0	1	2152 53
67	249	0.0	1	228 21
68	1203	0.0	1	1158 45
69	1370	0.0	1	1329 41
70	1091	0.0	1	1054 37
71	70	0.0	1	60 10
72	87	0.0	1	73 14
73	651	0.0	1	620 31
74	1847	0.0	1	1783 64
75	2994	0.0	1	2922 72
76	3932	0.0	1	3805 127
77	4233	0.0	1	4096 137
78	4468	0.0	1	4361 107
79	4435	0.0	1	4300 135
80	4633	0.0	1	4495 138
81	4741	0.0	1	4612 129
82	4690	0.0	1	4553 137
83	4654	0.0	1	4517 137
84	4683	0.0	1	4556 127
85	4683	0.0	1	4516 167
86	4546	0.0	1	4390 156
87	4634	0.0	1	4491 143
88	4475	0.0	1	4309 166
89	4569	0.0	1	4406 163
90	4589	0.0	1	4416 173
91	4380	0.0	1	4251 129
92	4343	0.0	1	4205 138
93	4391	0.0	1	4238 153
94	4245	0.0	1	4122 123
95	4194	0.0	1	4079 115
96	4067	0.0	1	3928 139
97	4022	0.0	1	3899 123
98	4209	0.0	1	4071 138
99	3876	0.0	1	3734 142
100	3996	0.0	1	3869 127
101	3904	0.0	1	3793 111
102	4014	0.0	1	3900 114
103	3921	0.0	1	3812 109
104	3810	0.0	1	3694 116
105	3759	0.0	1	3642 117
106	3779	0.0	1	3660 119
107	3721	0.0	1	3622 99
108	3769	0.0	1	3658 111
109	3643	0.0	1	3536 107
110	3503	0.0	1	3413 90
111	3514	0.0	1	3412 102
112	3542	0.0	1	3438 104
113	3429	0.0	1	3332 97
114	3273	0.0	1	3183 90
115	3403	0.0	1	3299 104
116	3136	0.0	1	3044 92
117	3191	0.0	1	3098 93
118	3165	0.0	1	3058 107
119	3243	0.0	1	3148 95
120	3075	0.0	1	2982 93
121	3093	0.0	1	3004 89
122	3095	0.0	1	3005 90
123	2944	0.0	1	2854 90
124	2924	0.0	1	2843 81
125	2848	0.0	1	2762 86
126	2855	0.0	1	2777 78
127	2838	0.0	1	2748 90
128	2812	0.0	1	2727 85
129	2729	0.0	1	2661 68
130	2545	0.0	1	2476 69
131	2581	0.0	1	2497 84
132	2593	0.0	1	2526 67
133	2505	0.0	1	2432 73
134	2532	0.0	1	2461 71
135	2416	0.0	1	2363 53
136	2411	0.0	1	2334 77
137	2289	0.0	1	2220 69
138	2283	0.0	1	2218 65
139	2228	0.0	1	2168 60
140	2127	0.0	1	2063 64
141	2163	0.0	1	2103 60
142	2123	0.0	1	2049 74
143	2138	0.0	1	2072 66
144	2085	0.0	1	2025 60
145	2018	0.0	1	1954 64
146	2055	0.0	1	2004 51
147	1951	0.0	1	1901 50
148	1863	0.0	1	1812 51
149	2025	0.0	1	1955 70
150	1853	0.0	1	1808 45
151	1812	0.0	1	1765 47
152	1735	0.0	1	1678 57
153	1722	0.0	1	1677 45
154	1706	0.0	1	1657 49
155	1773	0.0	1	1737 36
156	1613	0.0	1	1581 32
157	1562	0.0	1	1521 41
158	1557	0.0	1	1529 28
159	1523	0.0	1	1471 52
160	1419	0.0	1	1384 35
161	1403	0.0	1	1363 40
162	1402	0.0	1	1361 41
163	1423	0.0	1	1388 35
164	1338	0.0	1	1288 50
165	1368	0.0	1	1324 44
166	1350	0.0	1	1316 34
167	1243	0.0	1	1204 39
168	1254	0.0	1	1214 40
169	1217	0.0	1	1194 23
170	1195	0.0	1	1171 24
171	1179	0.0	1	1147 32
172	1158	0.0	1	1122 36
173	1150	0.0	1	1119 31
174	1147	0.0	1	1116 31
175	1059	0.0	1	1032 27
176	988	0.0	1	956 32
177	1062	0.0	1	1039 23
178	981	0.0	1	957 24
179	992	0.0	1	962 30
180	945	0.0	1	921 24
181	975	0.0	1	945 30
182	834	0.0	1	806 28
183	850	0.0	1	829 21
184	887	0.0	1	866 21
185	874	0.0	1	848 26
186	805	0.0	1	779 26
187	807	0.0	1	785 22
188	757	0.0	1	736 21
189	783	0.0	1	762 21
190	788	0.0	1	762 26
191	723	0.0	1	707 16
192	718	0.0	1	693 25
193	727	0.0	1	704 23
194	740	0.0	1	718 22
195	676	0.0	1	660 16
196	712	0.0	1	684 28
197	689	0.0	1	669 20
198	622	0.0	1	601 21
199	650	0.0	1	642 8
200	615	0.0	1	591 24
201	642	0.0	1	624 18
202	646	0.0	1	623 23
203	610	0.0	1	589 21
204	595	0.0	1	582 13
205	563	0.0	1	544 19
206	564	0.0	1	544 20
207	577	0.0	1	561 16
208	523	0.0	1	504 19
209	547	0.0	1	534 13
210	537	0.0	1	527 10
211	546	0.0	1	524 22
212	523	0.0	1	511 12
213	463	0.0	1	447 16
214	510	0.0	1	485 25
215	491	0.0	1	475 16
216	492	0.0	1	481 11
217	519	0.0	1	507 12
218	515	0.0	1	497 18
219	532	0.0	1	515 17
220	494	0.0	1	481 13
221	463	0.0	1	448 15
222	445	0.0	1	430 15
223	391	0.0	1	378 13
224	351	0.0	1	343 8
225	305	0.0	1	298 7
226	245	0.0	1	238 7
227	238	0.0	1	234 4
228	172	0.0	1	170 2
229	91	0.0	1	87 4
230	87	0.0	1	82 5
231	71	0.0	1	67 4
232	67	0.0	1	65 2
233	64	0.0	1	62 2
234	72	0.0	1	66 6
235	63	0.0	1	60 3
236	65	0.0	1	61 4
237	88	0.0	1	83 5
238	68	0.0	1	68
239	92	0.0	1	91 1
240	124	0.0	1	115 9
241	158	0.0	1	155 3
242	166	0.0	1	165 1
243	119	0.0	1	117 2
244	57	0.0	1	52 5
245	60	0.0	1	57 3
246	35	0.0	1	30 5
247	49	0.0	1	46 3
248	51	0.0	1	45 6
249	79	0.0	1	45 34
250	1372	0.0	1	90 1282

RUN STATISTICS FOR INPUT FILE: SRR29695059_1.fastq.gz
=============================================
2224547 sequences processed in total

