
SUMMARISING RUN PARAMETERS
==========================
Input filename: SRR29695060_2.fastq.gz
Trimming mode: paired-end
Trim Galore version: 0.6.10
Cutadapt version: 4.4
Number of cores used for trimming: 1
Quality Phred score cutoff: 30
Quality encoding type selected: ASCII+33
Using Illumina adapter for trimming (count: 229834). Second best hit was smallRNA (count: 12)
Adapter sequence: 'AGATCGGAAGAGC' (Illumina TruSeq, Sanger iPCR; auto-detected)
Maximum trimming error rate: 0.1 (default)
Minimum required adapter overlap (stringency): 1 bp
Minimum required sequence length for both reads before a sequence pair gets removed: 20 bp
Output file will be GZIP compressed


This is cutadapt 4.4 with Python 3.12.3
Command line parameters: -j 1 -e 0.1 -q 30 -O 1 -a AGATCGGAAGAGC SRR29695060_2.fastq.gz
Processing single-end reads on 1 core ...
Finished in 156.292 s (70.029 µs/read; 0.86 M reads/minute).

=== Summary ===

Total reads processed:               2,231,824
Reads with adapters:                   986,085 (44.2%)
Reads written (passing filters):     2,231,824 (100.0%)

Total basepairs processed:   557,956,000 bp
Quality-trimmed:               9,371,006 bp (1.7%)
Total written (filtered):    515,907,475 bp (92.5%)

=== Adapter 1 ===

Sequence: AGATCGGAAGAGC; Type: regular 3'; Length: 13; Trimmed: 986085 times

Minimum overlap: 1
No. of allowed errors:
1-9 bp: 0; 10-13 bp: 1

Bases preceding removed adapters:
  A: 15.8%
  C: 41.8%
  G: 29.7%
  T: 12.7%
  none/other: 0.0%

Overview of removed sequences
length	count	expect	max.err	error counts
1	264870	557956.0	0	264870
2	89217	139489.0	0	89217
3	22471	34872.2	0	22471
4	12085	8718.1	0	12085
5	11960	2179.5	0	11960
6	9389	544.9	0	9389
7	9377	136.2	0	9377
8	11368	34.1	0	11368
9	5628	8.5	0	5555 73
10	9017	2.1	1	8584 433
11	7695	0.5	1	7360 335
12	8595	0.1	1	8199 396
13	8500	0.0	1	8078 422
14	9673	0.0	1	9042 631
15	8088	0.0	1	7618 470
16	8164	0.0	1	7557 607
17	10777	0.0	1	9926 851
18	5435	0.0	1	4958 477
19	10596	0.0	1	9902 694
20	6600	0.0	1	6274 326
21	6186	0.0	1	5924 262
22	7660	0.0	1	7366 294
23	7472	0.0	1	7061 411
24	9467	0.0	1	8759 708
25	9447	0.0	1	8931 516
26	5238	0.0	1	4914 324
27	5968	0.0	1	5639 329
28	7453	0.0	1	7133 320
29	6446	0.0	1	6141 305
30	7040	0.0	1	6719 321
31	7091	0.0	1	6834 257
32	6820	0.0	1	6557 263
33	7064	0.0	1	6785 279
34	6957	0.0	1	6572 385
35	7000	0.0	1	6682 318
36	6673	0.0	1	6289 384
37	7820	0.0	1	7320 500
38	7231	0.0	1	6791 440
39	6355	0.0	1	6005 350
40	5862	0.0	1	5626 236
41	6125	0.0	1	5866 259
42	8039	0.0	1	7618 421
43	5965	0.0	1	5707 258
44	8872	0.0	1	8418 454
45	15294	0.0	1	14754 540
46	11458	0.0	1	10939 519
47	32523	0.0	1	31606 917
48	2871	0.0	1	2676 195
49	5869	0.0	1	5653 216
50	1970	0.0	1	1870 100
51	4063	0.0	1	3869 194
52	2434	0.0	1	2248 186
53	5349	0.0	1	5015 334
54	10284	0.0	1	9860 424
55	1428	0.0	1	1297 131
56	6150	0.0	1	5652 498
57	16917	0.0	1	16334 583
58	4368	0.0	1	4231 137
59	571	0.0	1	474 97
60	6181	0.0	1	5954 227
61	624	0.0	1	587 37
62	324	0.0	1	271 53
63	4858	0.0	1	4670 188
64	505	0.0	1	468 37
65	169	0.0	1	154 15
66	588	0.0	1	548 40
67	547	0.0	1	518 29
68	422	0.0	1	388 34
69	675	0.0	1	647 28
70	939	0.0	1	909 30
71	433	0.0	1	417 16
72	288	0.0	1	277 11
73	442	0.0	1	424 18
74	282	0.0	1	270 12
75	433	0.0	1	415 18
76	657	0.0	1	629 28
77	1763	0.0	1	1720 43
78	2360	0.0	1	2272 88
79	2722	0.0	1	2592 130
80	2878	0.0	1	2792 86
81	2875	0.0	1	2800 75
82	2911	0.0	1	2829 82
83	2904	0.0	1	2803 101
84	2747	0.0	1	2648 99
85	2809	0.0	1	2713 96
86	2687	0.0	1	2606 81
87	2626	0.0	1	2536 90
88	2674	0.0	1	2602 72
89	2613	0.0	1	2533 80
90	2545	0.0	1	2458 87
91	2464	0.0	1	2395 69
92	2410	0.0	1	2347 63
93	2293	0.0	1	2233 60
94	2272	0.0	1	2203 69
95	2210	0.0	1	2150 60
96	2138	0.0	1	2071 67
97	2134	0.0	1	2074 60
98	2119	0.0	1	2051 68
99	2010	0.0	1	1948 62
100	1913	0.0	1	1861 52
101	1919	0.0	1	1850 69
102	1856	0.0	1	1805 51
103	1805	0.0	1	1755 50
104	1864	0.0	1	1796 68
105	1797	0.0	1	1750 47
106	1713	0.0	1	1662 51
107	1680	0.0	1	1631 49
108	1742	0.0	1	1686 56
109	1662	0.0	1	1602 60
110	1601	0.0	1	1551 50
111	1525	0.0	1	1501 24
112	1501	0.0	1	1459 42
113	1462	0.0	1	1436 26
114	1487	0.0	1	1441 46
115	1414	0.0	1	1371 43
116	1341	0.0	1	1297 44
117	1329	0.0	1	1297 32
118	1305	0.0	1	1272 33
119	1201	0.0	1	1156 45
120	1277	0.0	1	1247 30
121	1217	0.0	1	1186 31
122	1197	0.0	1	1150 47
123	1173	0.0	1	1132 41
124	1160	0.0	1	1127 33
125	1134	0.0	1	1100 34
126	1120	0.0	1	1087 33
127	1104	0.0	1	1077 27
128	1050	0.0	1	1021 29
129	1038	0.0	1	1006 32
130	1022	0.0	1	992 30
131	967	0.0	1	938 29
132	969	0.0	1	949 20
133	957	0.0	1	926 31
134	875	0.0	1	842 33
135	908	0.0	1	893 15
136	881	0.0	1	861 20
137	882	0.0	1	865 17
138	841	0.0	1	830 11
139	787	0.0	1	764 23
140	804	0.0	1	778 26
141	809	0.0	1	789 20
142	764	0.0	1	736 28
143	768	0.0	1	743 25
144	713	0.0	1	700 13
145	718	0.0	1	704 14
146	640	0.0	1	621 19
147	649	0.0	1	633 16
148	697	0.0	1	665 32
149	668	0.0	1	647 21
150	609	0.0	1	594 15
151	596	0.0	1	578 18
152	615	0.0	1	593 22
153	622	0.0	1	603 19
154	604	0.0	1	591 13
155	562	0.0	1	544 18
156	609	0.0	1	593 16
157	508	0.0	1	502 6
158	534	0.0	1	528 6
159	517	0.0	1	505 12
160	509	0.0	1	488 21
161	495	0.0	1	486 9
162	512	0.0	1	495 17
163	465	0.0	1	459 6
164	489	0.0	1	476 13
165	442	0.0	1	422 20
166	469	0.0	1	457 12
167	441	0.0	1	438 3
168	447	0.0	1	435 12
169	441	0.0	1	428 13
170	416	0.0	1	405 11
171	397	0.0	1	383 14
172	415	0.0	1	399 16
173	439	0.0	1	426 13
174	389	0.0	1	372 17
175	368	0.0	1	358 10
176	378	0.0	1	371 7
177	417	0.0	1	408 9
178	391	0.0	1	374 17
179	352	0.0	1	340 12
180	325	0.0	1	317 8
181	357	0.0	1	347 10
182	352	0.0	1	336 16
183	356	0.0	1	347 9
184	383	0.0	1	371 12
185	337	0.0	1	328 9
186	343	0.0	1	337 6
187	356	0.0	1	346 10
188	319	0.0	1	308 11
189	312	0.0	1	303 9
190	324	0.0	1	317 7
191	299	0.0	1	292 7
192	298	0.0	1	291 7
193	293	0.0	1	287 6
194	324	0.0	1	317 7
195	295	0.0	1	287 8
196	306	0.0	1	299 7
197	306	0.0	1	299 7
198	285	0.0	1	282 3
199	266	0.0	1	262 4
200	300	0.0	1	284 16
201	286	0.0	1	278 8
202	318	0.0	1	309 9
203	280	0.0	1	273 7
204	283	0.0	1	276 7
205	269	0.0	1	258 11
206	276	0.0	1	271 5
207	241	0.0	1	236 5
208	274	0.0	1	264 10
209	254	0.0	1	245 9
210	256	0.0	1	249 7
211	270	0.0	1	263 7
212	260	0.0	1	253 7
213	284	0.0	1	269 15
214	245	0.0	1	238 7
215	256	0.0	1	252 4
216	278	0.0	1	269 9
217	245	0.0	1	240 5
218	270	0.0	1	263 7
219	275	0.0	1	269 6
220	257	0.0	1	253 4
221	218	0.0	1	209 9
222	232	0.0	1	228 4
223	204	0.0	1	199 5
224	192	0.0	1	186 6
225	172	0.0	1	166 6
226	150	0.0	1	146 4
227	134	0.0	1	132 2
228	104	0.0	1	94 10
229	73	0.0	1	70 3
230	55	0.0	1	53 2
231	61	0.0	1	59 2
232	49	0.0	1	48 1
233	54	0.0	1	54
234	77	0.0	1	76 1
235	62	0.0	1	60 2
236	51	0.0	1	50 1
237	63	0.0	1	62 1
238	61	0.0	1	61
239	63	0.0	1	62 1
240	95	0.0	1	93 2
241	103	0.0	1	96 7
242	131	0.0	1	131
243	110	0.0	1	108 2
244	57	0.0	1	56 1
245	32	0.0	1	32
246	19	0.0	1	19
247	33	0.0	1	33
248	37	0.0	1	36 1
249	30	0.0	1	30
250	60	0.0	1	55 5

RUN STATISTICS FOR INPUT FILE: SRR29695060_2.fastq.gz
=============================================
2231824 sequences processed in total

Total number of sequences analysed for the sequence pair length validation: 2231824

Number of sequence pairs removed because at least one read was shorter than the length cutoff (20 bp): 15464 (0.69%)
