
SUMMARISING RUN PARAMETERS
==========================
Input filename: SRR29695060_1.fastq.gz
Trimming mode: paired-end
Trim Galore version: 0.6.10
Cutadapt version: 4.4
Number of cores used for trimming: 1
Quality Phred score cutoff: 30
Quality encoding type selected: ASCII+33
Using Illumina adapter for trimming (count: 229834). Second best hit was smallRNA (count: 12)
Adapter sequence: 'AGATCGGAAGAGC' (Illumina TruSeq, Sanger iPCR; auto-detected)
Maximum trimming error rate: 0.1 (default)
Minimum required adapter overlap (stringency): 1 bp
Minimum required sequence length for both reads before a sequence pair gets removed: 20 bp
Output file will be GZIP compressed


This is cutadapt 4.4 with Python 3.12.3
Command line parameters: -j 1 -e 0.1 -q 30 -O 1 -a AGATCGGAAGAGC SRR29695060_1.fastq.gz
Processing single-end reads on 1 core ...
Finished in 157.926 s (70.761 µs/read; 0.85 M reads/minute).

=== Summary ===

Total reads processed:               2,231,824
Reads with adapters:                   989,193 (44.3%)
Reads written (passing filters):     2,231,824 (100.0%)

Total basepairs processed:   557,956,000 bp
Quality-trimmed:               7,133,363 bp (1.3%)
Total written (filtered):    517,481,590 bp (92.7%)

=== Adapter 1 ===

Sequence: AGATCGGAAGAGC; Type: regular 3'; Length: 13; Trimmed: 989193 times

Minimum overlap: 1
No. of allowed errors:
1-9 bp: 0; 10-13 bp: 1

Bases preceding removed adapters:
  A: 15.7%
  C: 41.7%
  G: 29.8%
  T: 12.7%
  none/other: 0.1%

Overview of removed sequences
length	count	expect	max.err	error counts
1	269741	557956.0	0	269741
2	84537	139489.0	0	84537
3	23994	34872.2	0	23994
4	12592	8718.1	0	12592
5	11610	2179.5	0	11610
6	9267	544.9	0	9267
7	8864	136.2	0	8864
8	10887	34.1	0	10887
9	6607	8.5	0	6545 62
10	7834	2.1	1	7554 280
11	8658	0.5	1	8326 332
12	8163	0.1	1	7849 314
13	8693	0.0	1	8391 302
14	7997	0.0	1	7739 258
15	8497	0.0	1	8147 350
16	8027	0.0	1	7702 325
17	10137	0.0	1	9657 480
18	7561	0.0	1	7240 321
19	6968	0.0	1	6740 228
20	8214	0.0	1	7916 298
21	8078	0.0	1	7757 321
22	7640	0.0	1	7334 306
23	7805	0.0	1	7529 276
24	7419	0.0	1	7145 274
25	7742	0.0	1	7519 223
26	6864	0.0	1	6637 227
27	7778	0.0	1	7500 278
28	8049	0.0	1	7813 236
29	7123	0.0	1	6905 218
30	6936	0.0	1	6773 163
31	6520	0.0	1	6327 193
32	7090	0.0	1	6889 201
33	6979	0.0	1	6728 251
34	7488	0.0	1	7262 226
35	6464	0.0	1	6230 234
36	7334	0.0	1	7082 252
37	8062	0.0	1	7737 325
38	5858	0.0	1	5696 162
39	8129	0.0	1	7854 275
40	6863	0.0	1	6610 253
41	10324	0.0	1	9973 351
42	12369	0.0	1	12102 267
43	5723	0.0	1	5498 225
44	7912	0.0	1	7689 223
45	16747	0.0	1	16422 325
46	2112	0.0	1	2037 75
47	3596	0.0	1	3459 137
48	7487	0.0	1	7278 209
49	6418	0.0	1	6268 150
50	3369	0.0	1	3242 127
51	8562	0.0	1	8364 198
52	6111	0.0	1	5997 114
53	2415	0.0	1	2348 67
54	4316	0.0	1	4181 135
55	8270	0.0	1	8119 151
56	5459	0.0	1	5348 111
57	5554	0.0	1	5471 83
58	5727	0.0	1	5632 95
59	5609	0.0	1	5537 72
60	1237	0.0	1	1193 44
61	2618	0.0	1	2549 69
62	5647	0.0	1	5559 88
63	2146	0.0	1	2098 48
64	2529	0.0	1	2472 57
65	2598	0.0	1	2531 67
66	4756	0.0	1	4696 60
67	1447	0.0	1	1404 43
68	2166	0.0	1	2121 45
69	1350	0.0	1	1317 33
70	1092	0.0	1	1071 21
71	43	0.0	1	37 6
72	135	0.0	1	129 6
73	819	0.0	1	791 28
74	1774	0.0	1	1733 41
75	2391	0.0	1	2346 45
76	2692	0.0	1	2610 82
77	3000	0.0	1	2950 50
78	2979	0.0	1	2924 55
79	2980	0.0	1	2924 56
80	3032	0.0	1	2954 78
81	2951	0.0	1	2876 75
82	2988	0.0	1	2907 81
83	2942	0.0	1	2881 61
84	2819	0.0	1	2749 70
85	2779	0.0	1	2708 71
86	2681	0.0	1	2611 70
87	2662	0.0	1	2586 76
88	2711	0.0	1	2633 78
89	2657	0.0	1	2597 60
90	2579	0.0	1	2514 65
91	2487	0.0	1	2413 74
92	2436	0.0	1	2361 75
93	2354	0.0	1	2276 78
94	2321	0.0	1	2250 71
95	2231	0.0	1	2182 49
96	2171	0.0	1	2124 47
97	2139	0.0	1	2080 59
98	2132	0.0	1	2076 56
99	2036	0.0	1	1972 64
100	1910	0.0	1	1858 52
101	1944	0.0	1	1887 57
102	1896	0.0	1	1856 40
103	1816	0.0	1	1774 42
104	1903	0.0	1	1850 53
105	1818	0.0	1	1764 54
106	1740	0.0	1	1705 35
107	1729	0.0	1	1689 40
108	1736	0.0	1	1690 46
109	1712	0.0	1	1686 26
110	1591	0.0	1	1564 27
111	1541	0.0	1	1499 42
112	1516	0.0	1	1478 38
113	1472	0.0	1	1431 41
114	1505	0.0	1	1470 35
115	1443	0.0	1	1405 38
116	1372	0.0	1	1336 36
117	1348	0.0	1	1313 35
118	1311	0.0	1	1280 31
119	1211	0.0	1	1172 39
120	1267	0.0	1	1244 23
121	1241	0.0	1	1210 31
122	1216	0.0	1	1177 39
123	1177	0.0	1	1149 28
124	1172	0.0	1	1146 26
125	1152	0.0	1	1127 25
126	1131	0.0	1	1099 32
127	1113	0.0	1	1087 26
128	1065	0.0	1	1040 25
129	1047	0.0	1	1017 30
130	1031	0.0	1	1005 26
131	989	0.0	1	971 18
132	975	0.0	1	949 26
133	972	0.0	1	948 24
134	894	0.0	1	870 24
135	908	0.0	1	888 20
136	888	0.0	1	874 14
137	886	0.0	1	857 29
138	847	0.0	1	821 26
139	800	0.0	1	783 17
140	805	0.0	1	792 13
141	814	0.0	1	796 18
142	767	0.0	1	751 16
143	777	0.0	1	760 17
144	738	0.0	1	721 17
145	725	0.0	1	710 15
146	647	0.0	1	626 21
147	656	0.0	1	640 16
148	711	0.0	1	693 18
149	670	0.0	1	652 18
150	619	0.0	1	605 14
151	609	0.0	1	592 17
152	630	0.0	1	605 25
153	634	0.0	1	619 15
154	609	0.0	1	592 17
155	571	0.0	1	558 13
156	630	0.0	1	610 20
157	505	0.0	1	491 14
158	546	0.0	1	533 13
159	522	0.0	1	506 16
160	517	0.0	1	505 12
161	494	0.0	1	480 14
162	516	0.0	1	503 13
163	479	0.0	1	466 13
164	501	0.0	1	488 13
165	430	0.0	1	417 13
166	481	0.0	1	471 10
167	443	0.0	1	430 13
168	438	0.0	1	428 10
169	451	0.0	1	441 10
170	416	0.0	1	405 11
171	389	0.0	1	381 8
172	424	0.0	1	414 10
173	440	0.0	1	427 13
174	381	0.0	1	369 12
175	370	0.0	1	360 10
176	384	0.0	1	377 7
177	421	0.0	1	411 10
178	394	0.0	1	382 12
179	352	0.0	1	344 8
180	329	0.0	1	313 16
181	352	0.0	1	344 8
182	359	0.0	1	341 18
183	354	0.0	1	341 13
184	380	0.0	1	368 12
185	340	0.0	1	335 5
186	350	0.0	1	341 9
187	357	0.0	1	350 7
188	319	0.0	1	310 9
189	316	0.0	1	304 12
190	322	0.0	1	312 10
191	296	0.0	1	290 6
192	293	0.0	1	287 6
193	285	0.0	1	281 4
194	327	0.0	1	317 10
195	298	0.0	1	289 9
196	314	0.0	1	308 6
197	300	0.0	1	293 7
198	292	0.0	1	284 8
199	271	0.0	1	260 11
200	297	0.0	1	286 11
201	276	0.0	1	267 9
202	318	0.0	1	310 8
203	284	0.0	1	276 8
204	290	0.0	1	280 10
205	258	0.0	1	249 9
206	276	0.0	1	270 6
207	241	0.0	1	235 6
208	272	0.0	1	264 8
209	247	0.0	1	243 4
210	258	0.0	1	252 6
211	268	0.0	1	255 13
212	261	0.0	1	254 7
213	276	0.0	1	263 13
214	251	0.0	1	241 10
215	267	0.0	1	264 3
216	276	0.0	1	270 6
217	246	0.0	1	244 2
218	268	0.0	1	264 4
219	272	0.0	1	267 5
220	261	0.0	1	256 5
221	222	0.0	1	217 5
222	229	0.0	1	225 4
223	201	0.0	1	196 5
224	195	0.0	1	191 4
225	165	0.0	1	164 1
226	148	0.0	1	145 3
227	135	0.0	1	133 2
228	106	0.0	1	104 2
229	72	0.0	1	70 2
230	56	0.0	1	51 5
231	62	0.0	1	58 4
232	55	0.0	1	48 7
233	54	0.0	1	54
234	75	0.0	1	72 3
235	64	0.0	1	62 2
236	52	0.0	1	52
237	63	0.0	1	58 5
238	62	0.0	1	61 1
239	62	0.0	1	61 1
240	96	0.0	1	95 1
241	101	0.0	1	98 3
242	134	0.0	1	129 5
243	115	0.0	1	106 9
244	59	0.0	1	57 2
245	33	0.0	1	31 2
246	19	0.0	1	19
247	36	0.0	1	33 3
248	41	0.0	1	34 7
249	44	0.0	1	29 15
250	473	0.0	1	55 418

RUN STATISTICS FOR INPUT FILE: SRR29695060_1.fastq.gz
=============================================
2231824 sequences processed in total

