
SUMMARISING RUN PARAMETERS
==========================
Input filename: SRR29695059_2.fastq.gz
Trimming mode: paired-end
Trim Galore version: 0.6.10
Cutadapt version: 4.4
Number of cores used for trimming: 1
Quality Phred score cutoff: 30
Quality encoding type selected: ASCII+33
Using Illumina adapter for trimming (count: 320186). Second best hit was smallRNA (count: 15)
Adapter sequence: 'AGATCGGAAGAGC' (Illumina TruSeq, Sanger iPCR; auto-detected)
Maximum trimming error rate: 0.1 (default)
Minimum required adapter overlap (stringency): 1 bp
Minimum required sequence length for both reads before a sequence pair gets removed: 20 bp
Output file will be GZIP compressed


This is cutadapt 4.4 with Python 3.12.3
Command line parameters: -j 1 -e 0.1 -q 30 -O 1 -a AGATCGGAAGAGC SRR29695059_2.fastq.gz
Processing single-end reads on 1 core ...
Finished in 150.095 s (67.472 µs/read; 0.89 M reads/minute).

=== Summary ===

Total reads processed:               2,224,547
Reads with adapters:                 1,138,491 (51.2%)
Reads written (passing filters):     2,224,547 (100.0%)

Total basepairs processed:   556,136,750 bp
Quality-trimmed:              10,203,021 bp (1.8%)
Total written (filtered):    489,521,126 bp (88.0%)

=== Adapter 1 ===

Sequence: AGATCGGAAGAGC; Type: regular 3'; Length: 13; Trimmed: 1138491 times

Minimum overlap: 1
No. of allowed errors:
1-9 bp: 0; 10-13 bp: 1

Bases preceding removed adapters:
  A: 15.0%
  C: 41.6%
  G: 30.1%
  T: 13.3%
  none/other: 0.0%

Overview of removed sequences
length	count	expect	max.err	error counts
1	228410	556136.8	0	228410
2	77488	139034.2	0	77488
3	19622	34758.5	0	19622
4	10502	8689.6	0	10502
5	10502	2172.4	0	10502
6	8234	543.1	0	8234
7	8357	135.8	0	8357
8	9918	33.9	0	9918
9	5175	8.5	0	5097 78
10	8392	2.1	1	8023 369
11	6973	0.5	1	6654 319
12	7738	0.1	1	7388 350
13	8083	0.0	1	7678 405
14	8037	0.0	1	7509 528
15	7218	0.0	1	6818 400
16	7901	0.0	1	7293 608
17	7801	0.0	1	7188 613
18	7411	0.0	1	6796 615
19	8736	0.0	1	8133 603
20	8123	0.0	1	7708 415
21	6847	0.0	1	6543 304
22	7428	0.0	1	7140 288
23	7336	0.0	1	6967 369
24	9661	0.0	1	8868 793
25	9271	0.0	1	8744 527
26	5290	0.0	1	4933 357
27	7046	0.0	1	6712 334
28	7311	0.0	1	7003 308
29	6640	0.0	1	6296 344
30	7224	0.0	1	6939 285
31	7304	0.0	1	7011 293
32	7083	0.0	1	6817 266
33	8755	0.0	1	8455 300
34	6334	0.0	1	6000 334
35	8077	0.0	1	7656 421
36	7491	0.0	1	7101 390
37	7360	0.0	1	6932 428
38	7658	0.0	1	7200 458
39	7962	0.0	1	7537 425
40	8056	0.0	1	7665 391
41	7241	0.0	1	6924 317
42	6915	0.0	1	6613 302
43	7395	0.0	1	7110 285
44	8930	0.0	1	8485 445
45	17366	0.0	1	16764 602
46	16800	0.0	1	16060 740
47	35731	0.0	1	34792 939
48	4348	0.0	1	4079 269
49	8315	0.0	1	8068 247
50	2327	0.0	1	2183 144
51	5503	0.0	1	5239 264
52	3353	0.0	1	3130 223
53	6624	0.0	1	6233 391
54	13109	0.0	1	12653 456
55	1969	0.0	1	1794 175
56	8176	0.0	1	7522 654
57	23859	0.0	1	23114 745
58	6132	0.0	1	5953 179
59	787	0.0	1	666 121
60	7705	0.0	1	7433 272
61	929	0.0	1	866 63
62	546	0.0	1	456 90
63	6305	0.0	1	6129 176
64	730	0.0	1	689 41
65	299	0.0	1	278 21
66	1097	0.0	1	1052 45
67	825	0.0	1	802 23
68	658	0.0	1	618 40
69	1037	0.0	1	987 50
70	1490	0.0	1	1455 35
71	672	0.0	1	644 28
72	456	0.0	1	422 34
73	709	0.0	1	671 38
74	539	0.0	1	520 19
75	751	0.0	1	727 24
76	1142	0.0	1	1108 34
77	2444	0.0	1	2369 75
78	3461	0.0	1	3331 130
79	4052	0.0	1	3879 173
80	4314	0.0	1	4189 125
81	4571	0.0	1	4436 135
82	4545	0.0	1	4418 127
83	4593	0.0	1	4432 161
84	4698	0.0	1	4537 161
85	4692	0.0	1	4537 155
86	4527	0.0	1	4370 157
87	4623	0.0	1	4477 146
88	4428	0.0	1	4310 118
89	4478	0.0	1	4339 139
90	4497	0.0	1	4375 122
91	4380	0.0	1	4255 125
92	4254	0.0	1	4138 116
93	4318	0.0	1	4231 87
94	4169	0.0	1	4060 109
95	4136	0.0	1	4003 133
96	4020	0.0	1	3918 102
97	3938	0.0	1	3823 115
98	4157	0.0	1	4050 107
99	3866	0.0	1	3755 111
100	3986	0.0	1	3883 103
101	3830	0.0	1	3728 102
102	3995	0.0	1	3876 119
103	3861	0.0	1	3766 95
104	3705	0.0	1	3600 105
105	3683	0.0	1	3593 90
106	3744	0.0	1	3632 112
107	3659	0.0	1	3562 97
108	3763	0.0	1	3687 76
109	3593	0.0	1	3503 90
110	3443	0.0	1	3351 92
111	3471	0.0	1	3390 81
112	3496	0.0	1	3397 99
113	3367	0.0	1	3288 79
114	3225	0.0	1	3143 82
115	3358	0.0	1	3271 87
116	3100	0.0	1	3000 100
117	3130	0.0	1	3029 101
118	3128	0.0	1	3052 76
119	3200	0.0	1	3115 85
120	3027	0.0	1	2960 67
121	3071	0.0	1	2985 86
122	3052	0.0	1	2958 94
123	2907	0.0	1	2832 75
124	2884	0.0	1	2802 82
125	2795	0.0	1	2716 79
126	2817	0.0	1	2746 71
127	2779	0.0	1	2714 65
128	2791	0.0	1	2725 66
129	2677	0.0	1	2585 92
130	2526	0.0	1	2452 74
131	2518	0.0	1	2465 53
132	2554	0.0	1	2489 65
133	2449	0.0	1	2377 72
134	2513	0.0	1	2425 88
135	2373	0.0	1	2330 43
136	2396	0.0	1	2335 61
137	2245	0.0	1	2205 40
138	2258	0.0	1	2199 59
139	2200	0.0	1	2128 72
140	2107	0.0	1	2057 50
141	2117	0.0	1	2071 46
142	2092	0.0	1	2044 48
143	2103	0.0	1	2057 46
144	2057	0.0	1	2014 43
145	1981	0.0	1	1931 50
146	2021	0.0	1	1967 54
147	1915	0.0	1	1871 44
148	1832	0.0	1	1790 42
149	1980	0.0	1	1931 49
150	1817	0.0	1	1769 48
151	1804	0.0	1	1759 45
152	1697	0.0	1	1648 49
153	1699	0.0	1	1643 56
154	1671	0.0	1	1640 31
155	1740	0.0	1	1694 46
156	1578	0.0	1	1545 33
157	1553	0.0	1	1515 38
158	1562	0.0	1	1526 36
159	1513	0.0	1	1479 34
160	1407	0.0	1	1366 41
161	1393	0.0	1	1365 28
162	1372	0.0	1	1328 44
163	1398	0.0	1	1357 41
164	1305	0.0	1	1285 20
165	1379	0.0	1	1341 38
166	1334	0.0	1	1301 33
167	1230	0.0	1	1202 28
168	1241	0.0	1	1200 41
169	1205	0.0	1	1179 26
170	1203	0.0	1	1171 32
171	1156	0.0	1	1131 25
172	1156	0.0	1	1133 23
173	1118	0.0	1	1090 28
174	1150	0.0	1	1126 24
175	1069	0.0	1	1051 18
176	978	0.0	1	951 27
177	1040	0.0	1	1013 27
178	962	0.0	1	943 19
179	979	0.0	1	956 23
180	941	0.0	1	923 18
181	964	0.0	1	944 20
182	833	0.0	1	802 31
183	840	0.0	1	821 19
184	886	0.0	1	859 27
185	876	0.0	1	858 18
186	793	0.0	1	782 11
187	802	0.0	1	783 19
188	747	0.0	1	731 16
189	780	0.0	1	761 19
190	775	0.0	1	759 16
191	716	0.0	1	701 15
192	712	0.0	1	696 16
193	726	0.0	1	709 17
194	737	0.0	1	725 12
195	672	0.0	1	655 17
196	694	0.0	1	682 12
197	691	0.0	1	675 16
198	615	0.0	1	601 14
199	656	0.0	1	641 15
200	621	0.0	1	603 18
201	633	0.0	1	617 16
202	649	0.0	1	636 13
203	615	0.0	1	603 12
204	591	0.0	1	571 20
205	569	0.0	1	558 11
206	569	0.0	1	551 18
207	567	0.0	1	559 8
208	518	0.0	1	505 13
209	545	0.0	1	532 13
210	530	0.0	1	515 15
211	538	0.0	1	523 15
212	526	0.0	1	518 8
213	466	0.0	1	458 8
214	498	0.0	1	484 14
215	494	0.0	1	479 15
216	493	0.0	1	483 10
217	508	0.0	1	501 7
218	518	0.0	1	502 16
219	527	0.0	1	508 19
220	496	0.0	1	489 7
221	461	0.0	1	452 9
222	443	0.0	1	427 16
223	394	0.0	1	389 5
224	344	0.0	1	338 6
225	309	0.0	1	301 8
226	239	0.0	1	236 3
227	241	0.0	1	234 7
228	175	0.0	1	168 7
229	89	0.0	1	87 2
230	87	0.0	1	85 2
231	68	0.0	1	67 1
232	69	0.0	1	68 1
233	63	0.0	1	61 2
234	70	0.0	1	68 2
235	63	0.0	1	62 1
236	66	0.0	1	64 2
237	88	0.0	1	84 4
238	68	0.0	1	67 1
239	96	0.0	1	91 5
240	123	0.0	1	118 5
241	154	0.0	1	149 5
242	168	0.0	1	163 5
243	122	0.0	1	120 2
244	57	0.0	1	56 1
245	61	0.0	1	57 4
246	34	0.0	1	31 3
247	47	0.0	1	45 2
248	47	0.0	1	45 2
249	53	0.0	1	50 3
250	96	0.0	1	88 8

RUN STATISTICS FOR INPUT FILE: SRR29695059_2.fastq.gz
=============================================
2224547 sequences processed in total

Total number of sequences analysed for the sequence pair length validation: 2224547

Number of sequence pairs removed because at least one read was shorter than the length cutoff (20 bp): 18786 (0.84%)
