
SUMMARISING RUN PARAMETERS
==========================
Input filename: SRR29655433_1.fastq.gz
Trimming mode: paired-end
Trim Galore version: 0.6.10
Cutadapt version: 4.4
Number of cores used for trimming: 1
Quality Phred score cutoff: 30
Quality encoding type selected: ASCII+33
Using Illumina adapter for trimming (count: 36076). Second best hit was smallRNA (count: 3)
Adapter sequence: 'AGATCGGAAGAGC' (Illumina TruSeq, Sanger iPCR; auto-detected)
Maximum trimming error rate: 0.1 (default)
Minimum required adapter overlap (stringency): 1 bp
Minimum required sequence length for both reads before a sequence pair gets removed: 20 bp
Output file will be GZIP compressed


This is cutadapt 4.4 with Python 3.12.3
Command line parameters: -j 1 -e 0.1 -q 30 -O 1 -a AGATCGGAAGAGC SRR29655433_1.fastq.gz
Processing single-end reads on 1 core ...
Finished in 10.811 s (48.172 µs/read; 1.25 M reads/minute).

=== Summary ===

Total reads processed:                 224,419
Reads with adapters:                    85,071 (37.9%)
Reads written (passing filters):       224,419 (100.0%)

Total basepairs processed:    56,104,750 bp
Quality-trimmed:                 718,535 bp (1.3%)
Total written (filtered):     52,167,335 bp (93.0%)

=== Adapter 1 ===

Sequence: AGATCGGAAGAGC; Type: regular 3'; Length: 13; Trimmed: 85071 times

Minimum overlap: 1
No. of allowed errors:
1-9 bp: 0; 10-13 bp: 1

Bases preceding removed adapters:
  A: 14.9%
  C: 33.4%
  G: 34.9%
  T: 15.3%
  none/other: 1.6%

Overview of removed sequences
length	count	expect	max.err	error counts
1	30513	56104.8	0	30513
2	9309	14026.2	0	9309
3	2141	3506.5	0	2141
4	953	876.6	0	953
5	714	219.2	0	714
6	479	54.8	0	479
7	414	13.7	0	414
8	558	3.4	0	558
9	320	0.9	0	317 3
10	390	0.2	1	373 17
11	440	0.1	1	419 21
12	374	0.0	1	353 21
13	441	0.0	1	426 15
14	410	0.0	1	395 15
15	421	0.0	1	397 24
16	403	0.0	1	378 25
17	510	0.0	1	491 19
18	461	0.0	1	444 17
19	328	0.0	1	311 17
20	405	0.0	1	390 15
21	430	0.0	1	410 20
22	390	0.0	1	362 28
23	401	0.0	1	387 14
24	378	0.0	1	361 17
25	423	0.0	1	407 16
26	380	0.0	1	368 12
27	442	0.0	1	418 24
28	399	0.0	1	377 22
29	344	0.0	1	323 21
30	351	0.0	1	344 7
31	334	0.0	1	323 11
32	384	0.0	1	371 13
33	359	0.0	1	345 14
34	368	0.0	1	353 15
35	402	0.0	1	382 20
36	420	0.0	1	405 15
37	338	0.0	1	324 14
38	392	0.0	1	375 17
39	366	0.0	1	351 15
40	354	0.0	1	334 20
41	540	0.0	1	515 25
42	373	0.0	1	363 10
43	474	0.0	1	447 27
44	562	0.0	1	535 27
45	613	0.0	1	589 24
46	164	0.0	1	156 8
47	138	0.0	1	135 3
48	317	0.0	1	303 14
49	336	0.0	1	318 18
50	242	0.0	1	231 11
51	441	0.0	1	420 21
52	383	0.0	1	365 18
53	205	0.0	1	198 7
54	245	0.0	1	236 9
55	392	0.0	1	376 16
56	357	0.0	1	344 13
57	342	0.0	1	334 8
58	589	0.0	1	575 14
59	412	0.0	1	397 15
60	158	0.0	1	153 5
61	211	0.0	1	204 7
62	435	0.0	1	427 8
63	217	0.0	1	208 9
64	311	0.0	1	304 7
65	190	0.0	1	177 13
66	444	0.0	1	440 4
67	244	0.0	1	238 6
68	236	0.0	1	228 8
69	133	0.0	1	129 4
70	100	0.0	1	99 1
71	6	0.0	1	5 1
72	3	0.0	1	3
73	77	0.0	1	75 2
74	129	0.0	1	125 4
75	185	0.0	1	181 4
76	187	0.0	1	184 3
77	225	0.0	1	219 6
78	247	0.0	1	241 6
79	255	0.0	1	249 6
80	239	0.0	1	231 8
81	254	0.0	1	246 8
82	236	0.0	1	228 8
83	223	0.0	1	215 8
84	223	0.0	1	213 10
85	218	0.0	1	209 9
86	192	0.0	1	181 11
87	220	0.0	1	208 12
88	229	0.0	1	222 7
89	210	0.0	1	204 6
90	260	0.0	1	250 10
91	222	0.0	1	215 7
92	212	0.0	1	201 11
93	187	0.0	1	179 8
94	226	0.0	1	217 9
95	207	0.0	1	198 9
96	199	0.0	1	191 8
97	193	0.0	1	185 8
98	210	0.0	1	201 9
99	213	0.0	1	204 9
100	208	0.0	1	201 7
101	188	0.0	1	185 3
102	174	0.0	1	162 12
103	198	0.0	1	188 10
104	201	0.0	1	195 6
105	221	0.0	1	216 5
106	201	0.0	1	194 7
107	163	0.0	1	155 8
108	192	0.0	1	180 12
109	180	0.0	1	169 11
110	172	0.0	1	164 8
111	176	0.0	1	171 5
112	187	0.0	1	182 5
113	174	0.0	1	165 9
114	170	0.0	1	164 6
115	162	0.0	1	156 6
116	189	0.0	1	180 9
117	155	0.0	1	154 1
118	163	0.0	1	154 9
119	145	0.0	1	139 6
120	158	0.0	1	155 3
121	144	0.0	1	140 4
122	152	0.0	1	148 4
123	154	0.0	1	150 4
124	126	0.0	1	122 4
125	143	0.0	1	132 11
126	148	0.0	1	135 13
127	117	0.0	1	114 3
128	111	0.0	1	103 8
129	91	0.0	1	88 3
130	107	0.0	1	103 4
131	119	0.0	1	114 5
132	135	0.0	1	127 8
133	153	0.0	1	152 1
134	132	0.0	1	124 8
135	109	0.0	1	104 5
136	102	0.0	1	97 5
137	113	0.0	1	102 11
138	116	0.0	1	113 3
139	110	0.0	1	104 6
140	110	0.0	1	103 7
141	77	0.0	1	73 4
142	91	0.0	1	83 8
143	115	0.0	1	110 5
144	104	0.0	1	103 1
145	82	0.0	1	80 2
146	83	0.0	1	81 2
147	95	0.0	1	86 9
148	95	0.0	1	89 6
149	94	0.0	1	91 3
150	69	0.0	1	64 5
151	79	0.0	1	78 1
152	101	0.0	1	101
153	84	0.0	1	82 2
154	78	0.0	1	74 4
155	75	0.0	1	74 1
156	66	0.0	1	64 2
157	96	0.0	1	94 2
158	65	0.0	1	60 5
159	64	0.0	1	62 2
160	69	0.0	1	67 2
161	72	0.0	1	66 6
162	72	0.0	1	70 2
163	45	0.0	1	45
164	67	0.0	1	63 4
165	66	0.0	1	64 2
166	69	0.0	1	69
167	55	0.0	1	53 2
168	65	0.0	1	64 1
169	57	0.0	1	50 7
170	45	0.0	1	45
171	57	0.0	1	56 1
172	39	0.0	1	35 4
173	53	0.0	1	50 3
174	47	0.0	1	45 2
175	49	0.0	1	46 3
176	61	0.0	1	60 1
177	52	0.0	1	51 1
178	33	0.0	1	29 4
179	33	0.0	1	32 1
180	40	0.0	1	36 4
181	50	0.0	1	48 2
182	45	0.0	1	43 2
183	29	0.0	1	28 1
184	42	0.0	1	42
185	45	0.0	1	45
186	44	0.0	1	41 3
187	52	0.0	1	49 3
188	39	0.0	1	36 3
189	36	0.0	1	34 2
190	31	0.0	1	29 2
191	41	0.0	1	39 2
192	34	0.0	1	31 3
193	44	0.0	1	41 3
194	43	0.0	1	38 5
195	24	0.0	1	23 1
196	28	0.0	1	27 1
197	40	0.0	1	39 1
198	51	0.0	1	47 4
199	31	0.0	1	30 1
200	30	0.0	1	28 2
201	49	0.0	1	44 5
202	48	0.0	1	45 3
203	43	0.0	1	42 1
204	25	0.0	1	24 1
205	29	0.0	1	25 4
206	34	0.0	1	32 2
207	25	0.0	1	23 2
208	29	0.0	1	28 1
209	33	0.0	1	32 1
210	34	0.0	1	32 2
211	31	0.0	1	30 1
212	37	0.0	1	34 3
213	27	0.0	1	26 1
214	28	0.0	1	27 1
215	33	0.0	1	29 4
216	21	0.0	1	21
217	31	0.0	1	31
218	34	0.0	1	33 1
219	30	0.0	1	29 1
220	31	0.0	1	29 2
221	35	0.0	1	33 2
222	18	0.0	1	17 1
223	16	0.0	1	15 1
224	12	0.0	1	12
225	27	0.0	1	24 3
226	11	0.0	1	7 4
227	9	0.0	1	9
228	11	0.0	1	10 1
229	5	0.0	1	5
230	6	0.0	1	4 2
231	2	0.0	1	1 1
233	1	0.0	1	0 1
234	3	0.0	1	3
235	1	0.0	1	1
236	1	0.0	1	1
237	1	0.0	1	1
239	1	0.0	1	0 1
240	4	0.0	1	4
242	1	0.0	1	1
243	2	0.0	1	2
245	1	0.0	1	1
246	3	0.0	1	2 1
247	5	0.0	1	4 1
248	5	0.0	1	2 3
249	18	0.0	1	0 18
250	1283	0.0	1	4 1279

RUN STATISTICS FOR INPUT FILE: SRR29655433_1.fastq.gz
=============================================
224419 sequences processed in total

