
SUMMARISING RUN PARAMETERS
==========================
Input filename: SRR29655430_1.fastq.gz
Trimming mode: paired-end
Trim Galore version: 0.6.10
Cutadapt version: 4.4
Number of cores used for trimming: 1
Quality Phred score cutoff: 30
Quality encoding type selected: ASCII+33
Using Illumina adapter for trimming (count: 300877). Second best hit was smallRNA (count: 25)
Adapter sequence: 'AGATCGGAAGAGC' (Illumina TruSeq, Sanger iPCR; auto-detected)
Maximum trimming error rate: 0.1 (default)
Minimum required adapter overlap (stringency): 1 bp
Minimum required sequence length for both reads before a sequence pair gets removed: 20 bp
Output file will be GZIP compressed


This is cutadapt 4.4 with Python 3.12.3
Command line parameters: -j 1 -e 0.1 -q 30 -O 1 -a AGATCGGAAGAGC SRR29655430_1.fastq.gz
Processing single-end reads on 1 core ...
Finished in 109.575 s (49.621 µs/read; 1.21 M reads/minute).

=== Summary ===

Total reads processed:               2,208,244
Reads with adapters:                 1,090,081 (49.4%)
Reads written (passing filters):     2,208,244 (100.0%)

Total basepairs processed:   552,061,000 bp
Quality-trimmed:               7,271,404 bp (1.3%)
Total written (filtered):    493,755,194 bp (89.4%)

=== Adapter 1 ===

Sequence: AGATCGGAAGAGC; Type: regular 3'; Length: 13; Trimmed: 1090081 times

Minimum overlap: 1
No. of allowed errors:
1-9 bp: 0; 10-13 bp: 1

Bases preceding removed adapters:
  A: 14.6%
  C: 41.8%
  G: 30.5%
  T: 13.0%
  none/other: 0.1%

Overview of removed sequences
length	count	expect	max.err	error counts
1	233636	552061.0	0	233636
2	74457	138015.2	0	74457
3	20467	34503.8	0	20467
4	10969	8626.0	0	10969
5	10231	2156.5	0	10231
6	8184	539.1	0	8184
7	7786	134.8	0	7786
8	9542	33.7	0	9542
9	6247	8.4	0	6196 51
10	7238	2.1	1	6973 265
11	7796	0.5	1	7480 316
12	7655	0.1	1	7353 302
13	8120	0.0	1	7824 296
14	7423	0.0	1	7123 300
15	8022	0.0	1	7716 306
16	7508	0.0	1	7178 330
17	9501	0.0	1	9039 462
18	7333	0.0	1	7033 300
19	6746	0.0	1	6482 264
20	7640	0.0	1	7344 296
21	7753	0.0	1	7454 299
22	7295	0.0	1	6957 338
23	7905	0.0	1	7599 306
24	6955	0.0	1	6685 270
25	7431	0.0	1	7190 241
26	6800	0.0	1	6575 225
27	7691	0.0	1	7423 268
28	7827	0.0	1	7569 258
29	7742	0.0	1	7444 298
30	6688	0.0	1	6494 194
31	6563	0.0	1	6356 207
32	7005	0.0	1	6772 233
33	7666	0.0	1	7332 334
34	9147	0.0	1	8765 382
35	6297	0.0	1	6047 250
36	13173	0.0	1	12638 535
37	12723	0.0	1	12374 349
38	3075	0.0	1	2872 203
39	6724	0.0	1	6550 174
40	5857	0.0	1	5683 174
41	6496	0.0	1	6257 239
42	14637	0.0	1	14207 430
43	14537	0.0	1	14167 370
44	10868	0.0	1	10272 596
45	41634	0.0	1	41018 616
46	2315	0.0	1	2193 122
47	4292	0.0	1	4103 189
48	14542	0.0	1	14219 323
49	8266	0.0	1	8128 138
50	2093	0.0	1	1951 142
51	10567	0.0	1	10338 229
52	4492	0.0	1	4394 98
53	964	0.0	1	923 41
54	3985	0.0	1	3854 131
55	6663	0.0	1	6525 138
56	3855	0.0	1	3790 65
57	2311	0.0	1	2263 48
58	2684	0.0	1	2631 53
59	4272	0.0	1	4182 90
60	331	0.0	1	305 26
61	1954	0.0	1	1887 67
62	4353	0.0	1	4258 95
63	635	0.0	1	613 22
64	1225	0.0	1	1189 36
65	2806	0.0	1	2738 68
66	3538	0.0	1	3474 64
67	461	0.0	1	431 30
68	1573	0.0	1	1525 48
69	1270	0.0	1	1245 25
70	1123	0.0	1	1086 37
71	71	0.0	1	61 10
72	167	0.0	1	151 16
73	1018	0.0	1	976 42
74	2253	0.0	1	2182 71
75	3193	0.0	1	3105 88
76	3908	0.0	1	3795 113
77	4265	0.0	1	4161 104
78	4240	0.0	1	4141 99
79	4389	0.0	1	4278 111
80	4270	0.0	1	4138 132
81	4477	0.0	1	4343 134
82	4424	0.0	1	4294 130
83	4345	0.0	1	4226 119
84	4297	0.0	1	4167 130
85	4275	0.0	1	4136 139
86	4034	0.0	1	3914 120
87	4175	0.0	1	4043 132
88	4078	0.0	1	3934 144
89	4064	0.0	1	3926 138
90	4010	0.0	1	3872 138
91	3926	0.0	1	3798 128
92	3924	0.0	1	3799 125
93	3912	0.0	1	3785 127
94	3818	0.0	1	3724 94
95	3882	0.0	1	3753 129
96	3602	0.0	1	3494 108
97	3702	0.0	1	3590 112
98	3532	0.0	1	3452 80
99	3632	0.0	1	3529 103
100	3620	0.0	1	3494 126
101	3532	0.0	1	3441 91
102	3422	0.0	1	3327 95
103	3455	0.0	1	3353 102
104	3274	0.0	1	3170 104
105	3382	0.0	1	3301 81
106	3179	0.0	1	3084 95
107	3263	0.0	1	3183 80
108	3225	0.0	1	3136 89
109	3224	0.0	1	3149 75
110	3030	0.0	1	2966 64
111	2963	0.0	1	2896 67
112	3048	0.0	1	2968 80
113	2984	0.0	1	2902 82
114	2918	0.0	1	2853 65
115	2841	0.0	1	2764 77
116	2908	0.0	1	2831 77
117	2946	0.0	1	2853 93
118	2845	0.0	1	2776 69
119	2693	0.0	1	2630 63
120	2652	0.0	1	2575 77
121	2592	0.0	1	2531 61
122	2675	0.0	1	2600 75
123	2524	0.0	1	2463 61
124	2527	0.0	1	2453 74
125	2456	0.0	1	2390 66
126	2383	0.0	1	2320 63
127	2409	0.0	1	2336 73
128	2280	0.0	1	2219 61
129	2247	0.0	1	2194 53
130	2249	0.0	1	2180 69
131	2223	0.0	1	2165 58
132	2219	0.0	1	2158 61
133	2164	0.0	1	2106 58
134	2040	0.0	1	1994 46
135	2175	0.0	1	2117 58
136	1947	0.0	1	1880 67
137	2006	0.0	1	1960 46
138	2098	0.0	1	2035 63
139	1870	0.0	1	1809 61
140	1852	0.0	1	1787 65
141	1893	0.0	1	1839 54
142	1820	0.0	1	1771 49
143	1840	0.0	1	1802 38
144	1813	0.0	1	1760 53
145	1666	0.0	1	1622 44
146	1762	0.0	1	1711 51
147	1672	0.0	1	1621 51
148	1594	0.0	1	1547 47
149	1686	0.0	1	1639 47
150	1533	0.0	1	1485 48
151	1491	0.0	1	1456 35
152	1523	0.0	1	1476 47
153	1426	0.0	1	1389 37
154	1461	0.0	1	1427 34
155	1399	0.0	1	1367 32
156	1360	0.0	1	1318 42
157	1425	0.0	1	1381 44
158	1336	0.0	1	1299 37
159	1319	0.0	1	1289 30
160	1225	0.0	1	1198 27
161	1268	0.0	1	1239 29
162	1203	0.0	1	1170 33
163	1234	0.0	1	1208 26
164	1209	0.0	1	1182 27
165	1193	0.0	1	1161 32
166	1147	0.0	1	1124 23
167	1100	0.0	1	1074 26
168	1061	0.0	1	1033 28
169	1048	0.0	1	1026 22
170	1008	0.0	1	982 26
171	960	0.0	1	931 29
172	1003	0.0	1	983 20
173	959	0.0	1	934 25
174	909	0.0	1	884 25
175	867	0.0	1	847 20
176	852	0.0	1	831 21
177	862	0.0	1	843 19
178	893	0.0	1	871 22
179	811	0.0	1	793 18
180	802	0.0	1	790 12
181	809	0.0	1	792 17
182	739	0.0	1	712 27
183	783	0.0	1	764 19
184	741	0.0	1	719 22
185	750	0.0	1	729 21
186	701	0.0	1	688 13
187	673	0.0	1	656 17
188	691	0.0	1	668 23
189	673	0.0	1	650 23
190	628	0.0	1	610 18
191	639	0.0	1	613 26
192	617	0.0	1	601 16
193	600	0.0	1	588 12
194	644	0.0	1	630 14
195	557	0.0	1	551 6
196	544	0.0	1	529 15
197	592	0.0	1	579 13
198	554	0.0	1	546 8
199	536	0.0	1	511 25
200	537	0.0	1	525 12
201	553	0.0	1	538 15
202	540	0.0	1	526 14
203	484	0.0	1	471 13
204	497	0.0	1	480 17
205	507	0.0	1	491 16
206	503	0.0	1	491 12
207	497	0.0	1	488 9
208	460	0.0	1	456 4
209	471	0.0	1	452 19
210	453	0.0	1	446 7
211	431	0.0	1	420 11
212	493	0.0	1	473 20
213	457	0.0	1	439 18
214	417	0.0	1	404 13
215	446	0.0	1	429 17
216	419	0.0	1	409 10
217	378	0.0	1	367 11
218	406	0.0	1	399 7
219	407	0.0	1	396 11
220	437	0.0	1	428 9
221	404	0.0	1	395 9
222	365	0.0	1	357 8
223	349	0.0	1	340 9
224	305	0.0	1	296 9
225	246	0.0	1	245 1
226	208	0.0	1	202 6
227	179	0.0	1	171 8
228	150	0.0	1	142 8
229	92	0.0	1	88 4
230	61	0.0	1	57 4
231	48	0.0	1	41 7
232	37	0.0	1	34 3
233	41	0.0	1	39 2
234	44	0.0	1	41 3
235	28	0.0	1	27 1
236	43	0.0	1	42 1
237	48	0.0	1	45 3
238	49	0.0	1	42 7
239	66	0.0	1	60 6
240	82	0.0	1	79 3
241	96	0.0	1	90 6
242	120	0.0	1	116 4
243	106	0.0	1	106
244	39	0.0	1	38 1
245	43	0.0	1	40 3
246	26	0.0	1	23 3
247	40	0.0	1	34 6
248	55	0.0	1	52 3
249	84	0.0	1	50 34
250	947	0.0	1	79 868

RUN STATISTICS FOR INPUT FILE: SRR29655430_1.fastq.gz
=============================================
2208244 sequences processed in total

