
SUMMARISING RUN PARAMETERS
==========================
Input filename: SRR29655432_1.fastq.gz
Trimming mode: paired-end
Trim Galore version: 0.6.10
Cutadapt version: 4.4
Number of cores used for trimming: 1
Quality Phred score cutoff: 30
Quality encoding type selected: ASCII+33
Using Illumina adapter for trimming (count: 78180). Second best hit was smallRNA (count: 18)
Adapter sequence: 'AGATCGGAAGAGC' (Illumina TruSeq, Sanger iPCR; auto-detected)
Maximum trimming error rate: 0.1 (default)
Minimum required adapter overlap (stringency): 1 bp
Minimum required sequence length for both reads before a sequence pair gets removed: 20 bp
Output file will be GZIP compressed


This is cutadapt 4.4 with Python 3.12.3
Command line parameters: -j 1 -e 0.1 -q 30 -O 1 -a AGATCGGAAGAGC SRR29655432_1.fastq.gz
Processing single-end reads on 1 core ...
Finished in 123.328 s (55.495 µs/read; 1.08 M reads/minute).

=== Summary ===

Total reads processed:               2,222,335
Reads with adapters:                   665,829 (30.0%)
Reads written (passing filters):     2,222,335 (100.0%)

Total basepairs processed:   555,583,750 bp
Quality-trimmed:               6,591,488 bp (1.2%)
Total written (filtered):    535,685,195 bp (96.4%)

=== Adapter 1 ===

Sequence: AGATCGGAAGAGC; Type: regular 3'; Length: 13; Trimmed: 665829 times

Minimum overlap: 1
No. of allowed errors:
1-9 bp: 0; 10-13 bp: 1

Bases preceding removed adapters:
  A: 14.8%
  C: 40.6%
  G: 32.5%
  T: 11.5%
  none/other: 0.6%

Overview of removed sequences
length	count	expect	max.err	error counts
1	324560	555583.8	0	324560
2	98450	138895.9	0	98450
3	20657	34724.0	0	20657
4	8070	8681.0	0	8070
5	6263	2170.2	0	6263
6	4247	542.6	0	4247
7	3392	135.6	0	3392
8	4177	33.9	0	4177
9	2599	8.5	0	2566 33
10	2938	2.1	1	2793 145
11	3266	0.5	1	3116 150
12	3054	0.1	1	2911 143
13	3132	0.0	1	2987 145
14	3100	0.0	1	2986 114
15	3076	0.0	1	2924 152
16	2797	0.0	1	2686 111
17	3531	0.0	1	3357 174
18	2802	0.0	1	2702 100
19	2445	0.0	1	2376 69
20	2828	0.0	1	2712 116
21	2891	0.0	1	2737 154
22	2702	0.0	1	2587 115
23	2820	0.0	1	2724 96
24	2681	0.0	1	2589 92
25	2728	0.0	1	2622 106
26	2382	0.0	1	2300 82
27	2696	0.0	1	2590 106
28	2650	0.0	1	2567 83
29	2523	0.0	1	2433 90
30	2281	0.0	1	2213 68
31	2192	0.0	1	2115 77
32	2420	0.0	1	2331 89
33	2270	0.0	1	2193 77
34	2318	0.0	1	2233 85
35	2806	0.0	1	2700 106
36	2221	0.0	1	2142 79
37	2047	0.0	1	1966 81
38	2294	0.0	1	2214 80
39	2658	0.0	1	2532 126
40	2185	0.0	1	2111 74
41	2021	0.0	1	1955 66
42	2518	0.0	1	2432 86
43	2718	0.0	1	2631 87
44	2098	0.0	1	2024 74
45	3608	0.0	1	3524 84
46	604	0.0	1	574 30
47	1129	0.0	1	1079 50
48	1960	0.0	1	1894 66
49	1829	0.0	1	1772 57
50	1340	0.0	1	1301 39
51	2159	0.0	1	2079 80
52	1891	0.0	1	1827 64
53	1214	0.0	1	1177 37
54	1356	0.0	1	1309 47
55	2099	0.0	1	2038 61
56	1621	0.0	1	1578 43
57	1901	0.0	1	1850 51
58	2333	0.0	1	2287 46
59	1716	0.0	1	1681 35
60	936	0.0	1	912 24
61	1135	0.0	1	1093 42
62	2084	0.0	1	2040 44
63	1296	0.0	1	1250 46
64	1379	0.0	1	1339 40
65	876	0.0	1	852 24
66	2047	0.0	1	2008 39
67	1190	0.0	1	1160 30
68	1181	0.0	1	1155 26
69	664	0.0	1	645 19
70	526	0.0	1	513 13
71	19	0.0	1	16 3
72	67	0.0	1	59 8
73	306	0.0	1	289 17
74	570	0.0	1	555 15
75	795	0.0	1	776 19
76	842	0.0	1	820 22
77	946	0.0	1	922 24
78	1009	0.0	1	983 26
79	953	0.0	1	927 26
80	1000	0.0	1	968 32
81	954	0.0	1	928 26
82	966	0.0	1	931 35
83	969	0.0	1	932 37
84	947	0.0	1	921 26
85	939	0.0	1	917 22
86	894	0.0	1	870 24
87	798	0.0	1	766 32
88	869	0.0	1	827 42
89	842	0.0	1	814 28
90	799	0.0	1	775 24
91	833	0.0	1	811 22
92	754	0.0	1	724 30
93	711	0.0	1	683 28
94	727	0.0	1	699 28
95	722	0.0	1	694 28
96	733	0.0	1	721 12
97	706	0.0	1	676 30
98	773	0.0	1	748 25
99	744	0.0	1	719 25
100	722	0.0	1	689 33
101	682	0.0	1	657 25
102	646	0.0	1	631 15
103	649	0.0	1	630 19
104	632	0.0	1	616 16
105	629	0.0	1	616 13
106	604	0.0	1	586 18
107	621	0.0	1	595 26
108	614	0.0	1	586 28
109	563	0.0	1	550 13
110	545	0.0	1	528 17
111	552	0.0	1	530 22
112	549	0.0	1	529 20
113	486	0.0	1	466 20
114	528	0.0	1	509 19
115	518	0.0	1	504 14
116	467	0.0	1	458 9
117	492	0.0	1	472 20
118	487	0.0	1	475 12
119	422	0.0	1	407 15
120	447	0.0	1	435 12
121	502	0.0	1	490 12
122	455	0.0	1	438 17
123	369	0.0	1	356 13
124	451	0.0	1	439 12
125	403	0.0	1	396 7
126	403	0.0	1	393 10
127	387	0.0	1	371 16
128	444	0.0	1	430 14
129	383	0.0	1	371 12
130	404	0.0	1	391 13
131	373	0.0	1	367 6
132	398	0.0	1	389 9
133	383	0.0	1	369 14
134	391	0.0	1	380 11
135	325	0.0	1	313 12
136	347	0.0	1	328 19
137	361	0.0	1	352 9
138	337	0.0	1	326 11
139	323	0.0	1	314 9
140	323	0.0	1	315 8
141	290	0.0	1	278 12
142	303	0.0	1	291 12
143	283	0.0	1	263 20
144	307	0.0	1	290 17
145	273	0.0	1	268 5
146	300	0.0	1	287 13
147	295	0.0	1	285 10
148	297	0.0	1	287 10
149	283	0.0	1	275 8
150	262	0.0	1	253 9
151	281	0.0	1	265 16
152	246	0.0	1	240 6
153	279	0.0	1	269 10
154	273	0.0	1	265 8
155	252	0.0	1	246 6
156	250	0.0	1	237 13
157	242	0.0	1	233 9
158	262	0.0	1	249 13
159	226	0.0	1	218 8
160	220	0.0	1	208 12
161	236	0.0	1	229 7
162	203	0.0	1	195 8
163	203	0.0	1	196 7
164	199	0.0	1	193 6
165	217	0.0	1	209 8
166	162	0.0	1	150 12
167	209	0.0	1	200 9
168	214	0.0	1	206 8
169	190	0.0	1	180 10
170	182	0.0	1	178 4
171	202	0.0	1	193 9
172	206	0.0	1	196 10
173	184	0.0	1	181 3
174	190	0.0	1	183 7
175	198	0.0	1	188 10
176	169	0.0	1	168 1
177	166	0.0	1	162 4
178	157	0.0	1	149 8
179	179	0.0	1	171 8
180	153	0.0	1	146 7
181	160	0.0	1	153 7
182	169	0.0	1	162 7
183	157	0.0	1	150 7
184	151	0.0	1	148 3
185	156	0.0	1	154 2
186	170	0.0	1	164 6
187	162	0.0	1	160 2
188	165	0.0	1	161 4
189	164	0.0	1	154 10
190	151	0.0	1	146 5
191	177	0.0	1	170 7
192	138	0.0	1	131 7
193	135	0.0	1	130 5
194	141	0.0	1	131 10
195	143	0.0	1	138 5
196	139	0.0	1	133 6
197	128	0.0	1	125 3
198	146	0.0	1	139 7
199	159	0.0	1	147 12
200	128	0.0	1	124 4
201	150	0.0	1	143 7
202	145	0.0	1	135 10
203	113	0.0	1	110 3
204	128	0.0	1	122 6
205	139	0.0	1	131 8
206	128	0.0	1	124 4
207	128	0.0	1	124 4
208	109	0.0	1	101 8
209	157	0.0	1	150 7
210	140	0.0	1	134 6
211	114	0.0	1	108 6
212	129	0.0	1	123 6
213	152	0.0	1	143 9
214	150	0.0	1	149 1
215	113	0.0	1	107 6
216	108	0.0	1	103 5
217	120	0.0	1	118 2
218	123	0.0	1	119 4
219	129	0.0	1	122 7
220	138	0.0	1	135 3
221	121	0.0	1	111 10
222	105	0.0	1	103 2
223	117	0.0	1	111 6
224	90	0.0	1	86 4
225	70	0.0	1	70
226	58	0.0	1	57 1
227	46	0.0	1	45 1
228	36	0.0	1	32 4
229	19	0.0	1	17 2
230	13	0.0	1	11 2
231	8	0.0	1	4 4
232	5	0.0	1	2 3
233	9	0.0	1	6 3
234	3	0.0	1	3
235	7	0.0	1	4 3
236	6	0.0	1	5 1
237	6	0.0	1	5 1
238	5	0.0	1	4 1
239	5	0.0	1	4 1
240	7	0.0	1	5 2
241	7	0.0	1	5 2
242	6	0.0	1	3 3
243	14	0.0	1	6 8
244	4	0.0	1	2 2
245	6	0.0	1	5 1
246	14	0.0	1	10 4
247	17	0.0	1	14 3
248	14	0.0	1	9 5
249	74	0.0	1	5 69
250	3660	0.0	1	35 3625

RUN STATISTICS FOR INPUT FILE: SRR29655432_1.fastq.gz
=============================================
2222335 sequences processed in total

