
SUMMARISING RUN PARAMETERS
==========================
Input filename: SRR29655431_1.fastq.gz
Trimming mode: paired-end
Trim Galore version: 0.6.10
Cutadapt version: 4.4
Number of cores used for trimming: 1
Quality Phred score cutoff: 30
Quality encoding type selected: ASCII+33
Using Illumina adapter for trimming (count: 45629). Second best hit was smallRNA (count: 8)
Adapter sequence: 'AGATCGGAAGAGC' (Illumina TruSeq, Sanger iPCR; auto-detected)
Maximum trimming error rate: 0.1 (default)
Minimum required adapter overlap (stringency): 1 bp
Minimum required sequence length for both reads before a sequence pair gets removed: 20 bp
Output file will be GZIP compressed


This is cutadapt 4.4 with Python 3.12.3
Command line parameters: -j 1 -e 0.1 -q 30 -O 1 -a AGATCGGAAGAGC SRR29655431_1.fastq.gz
Processing single-end reads on 1 core ...
Finished in 26.550 s (53.480 µs/read; 1.12 M reads/minute).

=== Summary ===

Total reads processed:                 496,455
Reads with adapters:                   157,430 (31.7%)
Reads written (passing filters):       496,455 (100.0%)

Total basepairs processed:   124,113,750 bp
Quality-trimmed:               1,515,550 bp (1.2%)
Total written (filtered):    118,213,497 bp (95.2%)

=== Adapter 1 ===

Sequence: AGATCGGAAGAGC; Type: regular 3'; Length: 13; Trimmed: 157430 times

Minimum overlap: 1
No. of allowed errors:
1-9 bp: 0; 10-13 bp: 1

Bases preceding removed adapters:
  A: 14.3%
  C: 36.1%
  G: 33.7%
  T: 13.0%
  none/other: 3.0%

Overview of removed sequences
length	count	expect	max.err	error counts
1	71124	124113.8	0	71124
2	21811	31028.4	0	21811
3	4759	7757.1	0	4759
4	1788	1939.3	0	1788
5	1370	484.8	0	1370
6	887	121.2	0	887
7	790	30.3	0	790
8	908	7.6	0	908
9	534	1.9	0	521 13
10	712	0.5	1	672 40
11	687	0.1	1	662 25
12	701	0.0	1	673 28
13	746	0.0	1	719 27
14	624	0.0	1	596 28
15	674	0.0	1	644 30
16	589	0.0	1	564 25
17	718	0.0	1	671 47
18	639	0.0	1	609 30
19	565	0.0	1	545 20
20	733	0.0	1	710 23
21	634	0.0	1	600 34
22	557	0.0	1	530 27
23	616	0.0	1	597 19
24	586	0.0	1	562 24
25	612	0.0	1	586 26
26	612	0.0	1	590 22
27	677	0.0	1	654 23
28	590	0.0	1	576 14
29	535	0.0	1	517 18
30	526	0.0	1	511 15
31	495	0.0	1	478 17
32	595	0.0	1	579 16
33	594	0.0	1	566 28
34	526	0.0	1	498 28
35	465	0.0	1	449 16
36	641	0.0	1	628 13
37	705	0.0	1	669 36
38	477	0.0	1	457 20
39	563	0.0	1	539 24
40	789	0.0	1	744 45
41	930	0.0	1	904 26
42	827	0.0	1	794 33
43	1217	0.0	1	1166 51
44	919	0.0	1	866 53
45	4876	0.0	1	4802 74
46	349	0.0	1	333 16
47	444	0.0	1	414 30
48	2505	0.0	1	2478 27
49	343	0.0	1	335 8
50	18	0.0	1	16 2
51	214	0.0	1	211 3
52	24	0.0	1	23 1
53	6	0.0	1	6
54	30	0.0	1	27 3
55	47	0.0	1	44 3
56	18	0.0	1	17 1
57	4	0.0	1	4
58	18	0.0	1	15 3
59	65	0.0	1	65
61	25	0.0	1	23 2
62	85	0.0	1	83 2
63	7	0.0	1	6 1
64	15	0.0	1	14 1
65	65	0.0	1	64 1
66	79	0.0	1	77 2
67	7	0.0	1	7
68	24	0.0	1	21 3
69	38	0.0	1	35 3
70	44	0.0	1	44
71	2	0.0	1	1 1
72	4	0.0	1	4
73	17	0.0	1	15 2
74	61	0.0	1	60 1
75	125	0.0	1	121 4
76	192	0.0	1	190 2
77	210	0.0	1	202 8
78	250	0.0	1	244 6
79	256	0.0	1	250 6
80	263	0.0	1	258 5
81	319	0.0	1	309 10
82	259	0.0	1	249 10
83	238	0.0	1	229 9
84	264	0.0	1	255 9
85	270	0.0	1	267 3
86	282	0.0	1	276 6
87	262	0.0	1	255 7
88	224	0.0	1	216 8
89	272	0.0	1	261 11
90	246	0.0	1	238 8
91	255	0.0	1	246 9
92	244	0.0	1	238 6
93	267	0.0	1	256 11
94	200	0.0	1	193 7
95	226	0.0	1	213 13
96	226	0.0	1	220 6
97	227	0.0	1	218 9
98	208	0.0	1	202 6
99	238	0.0	1	230 8
100	241	0.0	1	238 3
101	194	0.0	1	191 3
102	191	0.0	1	187 4
103	192	0.0	1	185 7
104	172	0.0	1	165 7
105	216	0.0	1	208 8
106	178	0.0	1	169 9
107	183	0.0	1	174 9
108	208	0.0	1	197 11
109	171	0.0	1	165 6
110	182	0.0	1	180 2
111	173	0.0	1	162 11
112	190	0.0	1	187 3
113	164	0.0	1	160 4
114	139	0.0	1	132 7
115	154	0.0	1	147 7
116	141	0.0	1	140 1
117	133	0.0	1	126 7
118	146	0.0	1	136 10
119	158	0.0	1	155 3
120	140	0.0	1	136 4
121	137	0.0	1	129 8
122	131	0.0	1	127 4
123	128	0.0	1	125 3
124	173	0.0	1	172 1
125	140	0.0	1	137 3
126	134	0.0	1	130 4
127	113	0.0	1	110 3
128	131	0.0	1	128 3
129	118	0.0	1	115 3
130	113	0.0	1	110 3
131	131	0.0	1	124 7
132	128	0.0	1	123 5
133	113	0.0	1	106 7
134	117	0.0	1	111 6
135	119	0.0	1	116 3
136	119	0.0	1	117 2
137	105	0.0	1	102 3
138	87	0.0	1	84 3
139	90	0.0	1	87 3
140	104	0.0	1	99 5
141	95	0.0	1	88 7
142	80	0.0	1	80
143	100	0.0	1	99 1
144	91	0.0	1	85 6
145	89	0.0	1	83 6
146	81	0.0	1	79 2
147	78	0.0	1	76 2
148	50	0.0	1	46 4
149	87	0.0	1	85 2
150	96	0.0	1	91 5
151	85	0.0	1	78 7
152	63	0.0	1	63
153	75	0.0	1	69 6
154	68	0.0	1	64 4
155	68	0.0	1	62 6
156	68	0.0	1	65 3
157	54	0.0	1	52 2
158	76	0.0	1	74 2
159	54	0.0	1	51 3
160	58	0.0	1	54 4
161	60	0.0	1	57 3
162	75	0.0	1	74 1
163	58	0.0	1	58
164	65	0.0	1	63 2
165	62	0.0	1	61 1
166	57	0.0	1	54 3
167	62	0.0	1	56 6
168	38	0.0	1	38
169	55	0.0	1	52 3
170	66	0.0	1	64 2
171	61	0.0	1	60 1
172	64	0.0	1	62 2
173	42	0.0	1	41 1
174	41	0.0	1	38 3
175	46	0.0	1	45 1
176	45	0.0	1	44 1
177	49	0.0	1	48 1
178	43	0.0	1	41 2
179	60	0.0	1	57 3
180	36	0.0	1	36
181	41	0.0	1	37 4
182	42	0.0	1	41 1
183	43	0.0	1	42 1
184	42	0.0	1	41 1
185	32	0.0	1	32
186	46	0.0	1	44 2
187	36	0.0	1	32 4
188	34	0.0	1	34
189	46	0.0	1	44 2
190	44	0.0	1	42 2
191	40	0.0	1	38 2
192	46	0.0	1	44 2
193	37	0.0	1	35 2
194	36	0.0	1	36
195	32	0.0	1	31 1
196	33	0.0	1	29 4
197	26	0.0	1	22 4
198	29	0.0	1	28 1
199	47	0.0	1	46 1
200	41	0.0	1	39 2
201	40	0.0	1	34 6
202	31	0.0	1	31
203	40	0.0	1	39 1
204	30	0.0	1	29 1
205	32	0.0	1	31 1
206	17	0.0	1	16 1
207	24	0.0	1	23 1
208	29	0.0	1	24 5
209	38	0.0	1	33 5
210	43	0.0	1	38 5
211	24	0.0	1	20 4
212	35	0.0	1	33 2
213	36	0.0	1	35 1
214	22	0.0	1	20 2
215	27	0.0	1	27
216	28	0.0	1	26 2
217	39	0.0	1	36 3
218	16	0.0	1	15 1
219	28	0.0	1	28
220	37	0.0	1	32 5
221	24	0.0	1	24
222	24	0.0	1	23 1
223	16	0.0	1	16
224	18	0.0	1	17 1
225	11	0.0	1	9 2
226	9	0.0	1	9
227	6	0.0	1	6
228	8	0.0	1	6 2
229	3	0.0	1	3
230	6	0.0	1	5 1
231	5	0.0	1	5
232	1	0.0	1	1
233	1	0.0	1	1
235	2	0.0	1	1 1
236	2	0.0	1	1 1
237	3	0.0	1	3
238	4	0.0	1	4
240	3	0.0	1	3
241	1	0.0	1	1
242	3	0.0	1	3
244	5	0.0	1	3 2
245	2	0.0	1	2
246	6	0.0	1	3 3
247	3	0.0	1	2 1
248	5	0.0	1	1 4
249	61	0.0	1	2 59
250	4607	0.0	1	18 4589

RUN STATISTICS FOR INPUT FILE: SRR29655431_1.fastq.gz
=============================================
496455 sequences processed in total

