
SUMMARISING RUN PARAMETERS
==========================
Input filename: SRR29655432_2.fastq.gz
Trimming mode: paired-end
Trim Galore version: 0.6.10
Cutadapt version: 4.4
Number of cores used for trimming: 1
Quality Phred score cutoff: 30
Quality encoding type selected: ASCII+33
Using Illumina adapter for trimming (count: 78180). Second best hit was smallRNA (count: 18)
Adapter sequence: 'AGATCGGAAGAGC' (Illumina TruSeq, Sanger iPCR; auto-detected)
Maximum trimming error rate: 0.1 (default)
Minimum required adapter overlap (stringency): 1 bp
Minimum required sequence length for both reads before a sequence pair gets removed: 20 bp
Output file will be GZIP compressed


This is cutadapt 4.4 with Python 3.12.3
Command line parameters: -j 1 -e 0.1 -q 30 -O 1 -a AGATCGGAAGAGC SRR29655432_2.fastq.gz
Processing single-end reads on 1 core ...
Finished in 128.156 s (57.667 µs/read; 1.04 M reads/minute).

=== Summary ===

Total reads processed:               2,222,335
Reads with adapters:                   654,627 (29.5%)
Reads written (passing filters):     2,222,335 (100.0%)

Total basepairs processed:   555,583,750 bp
Quality-trimmed:              11,833,697 bp (2.1%)
Total written (filtered):    531,646,477 bp (95.7%)

=== Adapter 1 ===

Sequence: AGATCGGAAGAGC; Type: regular 3'; Length: 13; Trimmed: 654627 times

Minimum overlap: 1
No. of allowed errors:
1-9 bp: 0; 10-13 bp: 1

Bases preceding removed adapters:
  A: 15.0%
  C: 40.6%
  G: 32.6%
  T: 11.8%
  none/other: 0.1%

Overview of removed sequences
length	count	expect	max.err	error counts
1	313676	555583.8	0	313676
2	103598	138895.9	0	103598
3	18833	34724.0	0	18833
4	7819	8681.0	0	7819
5	6521	2170.2	0	6521
6	4253	542.6	0	4253
7	3760	135.6	0	3760
8	4350	33.9	0	4350
9	2118	8.5	0	2076 42
10	3404	2.1	1	3233 171
11	2879	0.5	1	2739 140
12	3221	0.1	1	3057 164
13	3131	0.0	1	2968 163
14	3496	0.0	1	3303 193
15	2925	0.0	1	2749 176
16	2955	0.0	1	2722 233
17	3706	0.0	1	3433 273
18	1996	0.0	1	1819 177
19	3340	0.0	1	3115 225
20	2737	0.0	1	2599 138
21	2414	0.0	1	2271 143
22	2732	0.0	1	2615 117
23	2722	0.0	1	2584 138
24	3655	0.0	1	3367 288
25	3211	0.0	1	3040 171
26	1822	0.0	1	1706 116
27	2079	0.0	1	1959 120
28	2435	0.0	1	2324 111
29	2283	0.0	1	2179 104
30	2361	0.0	1	2276 85
31	2402	0.0	1	2330 72
32	2311	0.0	1	2218 93
33	2799	0.0	1	2671 128
34	2273	0.0	1	2146 127
35	1964	0.0	1	1868 96
36	2508	0.0	1	2369 139
37	2381	0.0	1	2272 109
38	1893	0.0	1	1766 127
39	2119	0.0	1	1990 129
40	1892	0.0	1	1810 82
41	2044	0.0	1	1961 83
42	2765	0.0	1	2601 164
43	1746	0.0	1	1679 67
44	3195	0.0	1	3037 158
45	5225	0.0	1	5065 160
46	3401	0.0	1	3220 181
47	11585	0.0	1	11295 290
48	953	0.0	1	915 38
49	1610	0.0	1	1555 55
50	559	0.0	1	530 29
51	1176	0.0	1	1110 66
52	660	0.0	1	592 68
53	1660	0.0	1	1562 98
54	3108	0.0	1	2975 133
55	356	0.0	1	317 39
56	1854	0.0	1	1696 158
57	4484	0.0	1	4288 196
58	1150	0.0	1	1099 51
59	227	0.0	1	208 19
60	2168	0.0	1	2096 72
61	205	0.0	1	191 14
62	107	0.0	1	83 24
63	1585	0.0	1	1535 50
64	185	0.0	1	171 14
65	57	0.0	1	52 5
66	180	0.0	1	162 18
67	132	0.0	1	120 12
68	104	0.0	1	93 11
69	205	0.0	1	191 14
70	258	0.0	1	244 14
71	124	0.0	1	116 8
72	63	0.0	1	57 6
73	120	0.0	1	109 11
74	89	0.0	1	84 5
75	138	0.0	1	132 6
76	239	0.0	1	231 8
77	585	0.0	1	558 27
78	784	0.0	1	753 31
79	866	0.0	1	829 37
80	938	0.0	1	908 30
81	920	0.0	1	889 31
82	946	0.0	1	902 44
83	937	0.0	1	905 32
84	943	0.0	1	901 42
85	944	0.0	1	918 26
86	922	0.0	1	883 39
87	789	0.0	1	754 35
88	851	0.0	1	812 39
89	839	0.0	1	812 27
90	777	0.0	1	751 26
91	842	0.0	1	819 23
92	745	0.0	1	720 25
93	713	0.0	1	702 11
94	714	0.0	1	685 29
95	715	0.0	1	704 11
96	725	0.0	1	700 25
97	705	0.0	1	671 34
98	761	0.0	1	738 23
99	737	0.0	1	710 27
100	716	0.0	1	694 22
101	671	0.0	1	656 15
102	648	0.0	1	628 20
103	646	0.0	1	622 24
104	635	0.0	1	607 28
105	620	0.0	1	601 19
106	600	0.0	1	580 20
107	618	0.0	1	605 13
108	604	0.0	1	589 15
109	549	0.0	1	531 18
110	532	0.0	1	509 23
111	549	0.0	1	529 20
112	543	0.0	1	525 18
113	491	0.0	1	474 17
114	520	0.0	1	499 21
115	520	0.0	1	504 16
116	472	0.0	1	448 24
117	486	0.0	1	472 14
118	487	0.0	1	464 23
119	424	0.0	1	408 16
120	443	0.0	1	426 17
121	493	0.0	1	476 17
122	458	0.0	1	441 17
123	372	0.0	1	363 9
124	449	0.0	1	425 24
125	417	0.0	1	405 12
126	395	0.0	1	386 9
127	377	0.0	1	365 12
128	448	0.0	1	434 14
129	387	0.0	1	366 21
130	394	0.0	1	385 9
131	364	0.0	1	342 22
132	408	0.0	1	395 13
133	371	0.0	1	357 14
134	388	0.0	1	372 16
135	322	0.0	1	309 13
136	342	0.0	1	336 6
137	360	0.0	1	348 12
138	338	0.0	1	326 12
139	318	0.0	1	300 18
140	316	0.0	1	311 5
141	284	0.0	1	274 10
142	313	0.0	1	297 16
143	272	0.0	1	259 13
144	307	0.0	1	298 9
145	269	0.0	1	266 3
146	293	0.0	1	281 12
147	295	0.0	1	287 8
148	296	0.0	1	280 16
149	279	0.0	1	268 11
150	261	0.0	1	247 14
151	275	0.0	1	269 6
152	252	0.0	1	236 16
153	283	0.0	1	269 14
154	266	0.0	1	261 5
155	247	0.0	1	238 9
156	247	0.0	1	239 8
157	236	0.0	1	224 12
158	256	0.0	1	245 11
159	225	0.0	1	219 6
160	219	0.0	1	210 9
161	232	0.0	1	225 7
162	200	0.0	1	193 7
163	199	0.0	1	190 9
164	207	0.0	1	191 16
165	218	0.0	1	208 10
166	155	0.0	1	155
167	203	0.0	1	196 7
168	226	0.0	1	215 11
169	186	0.0	1	179 7
170	184	0.0	1	174 10
171	196	0.0	1	191 5
172	212	0.0	1	205 7
173	196	0.0	1	190 6
174	184	0.0	1	174 10
175	203	0.0	1	191 12
176	164	0.0	1	160 4
177	172	0.0	1	166 6
178	156	0.0	1	152 4
179	186	0.0	1	175 11
180	154	0.0	1	149 5
181	158	0.0	1	148 10
182	172	0.0	1	154 18
183	160	0.0	1	150 10
184	150	0.0	1	145 5
185	164	0.0	1	153 11
186	171	0.0	1	164 7
187	163	0.0	1	157 6
188	165	0.0	1	164 1
189	168	0.0	1	161 7
190	144	0.0	1	141 3
191	180	0.0	1	175 5
192	135	0.0	1	130 5
193	142	0.0	1	133 9
194	142	0.0	1	137 5
195	142	0.0	1	133 9
196	139	0.0	1	131 8
197	132	0.0	1	125 7
198	148	0.0	1	144 4
199	152	0.0	1	148 4
200	131	0.0	1	128 3
201	150	0.0	1	140 10
202	148	0.0	1	140 8
203	118	0.0	1	111 7
204	124	0.0	1	119 5
205	150	0.0	1	139 11
206	117	0.0	1	115 2
207	137	0.0	1	127 10
208	108	0.0	1	105 3
209	157	0.0	1	153 4
210	144	0.0	1	142 2
211	112	0.0	1	107 5
212	125	0.0	1	123 2
213	150	0.0	1	147 3
214	149	0.0	1	144 5
215	118	0.0	1	114 4
216	109	0.0	1	105 4
217	122	0.0	1	117 5
218	125	0.0	1	119 6
219	130	0.0	1	128 2
220	141	0.0	1	134 7
221	120	0.0	1	117 3
222	104	0.0	1	99 5
223	118	0.0	1	116 2
224	88	0.0	1	88
225	71	0.0	1	68 3
226	56	0.0	1	56
227	49	0.0	1	47 2
228	38	0.0	1	36 2
229	17	0.0	1	17
230	14	0.0	1	12 2
231	4	0.0	1	4
232	6	0.0	1	3 3
233	6	0.0	1	6
234	5	0.0	1	3 2
235	4	0.0	1	4
236	8	0.0	1	4 4
237	6	0.0	1	5 1
238	2	0.0	1	2
239	7	0.0	1	5 2
240	5	0.0	1	5
241	6	0.0	1	4 2
242	8	0.0	1	6 2
243	6	0.0	1	6
244	2	0.0	1	1 1
245	7	0.0	1	6 1
246	9	0.0	1	9
247	18	0.0	1	13 5
248	8	0.0	1	8
249	3	0.0	1	3
250	52	0.0	1	37 15

RUN STATISTICS FOR INPUT FILE: SRR29655432_2.fastq.gz
=============================================
2222335 sequences processed in total

Total number of sequences analysed for the sequence pair length validation: 2222335

Number of sequence pairs removed because at least one read was shorter than the length cutoff (20 bp): 24156 (1.09%)
