
SUMMARISING RUN PARAMETERS
==========================
Input filename: SRR29655430_2.fastq.gz
Trimming mode: paired-end
Trim Galore version: 0.6.10
Cutadapt version: 4.4
Number of cores used for trimming: 1
Quality Phred score cutoff: 30
Quality encoding type selected: ASCII+33
Using Illumina adapter for trimming (count: 300877). Second best hit was smallRNA (count: 25)
Adapter sequence: 'AGATCGGAAGAGC' (Illumina TruSeq, Sanger iPCR; auto-detected)
Maximum trimming error rate: 0.1 (default)
Minimum required adapter overlap (stringency): 1 bp
Minimum required sequence length for both reads before a sequence pair gets removed: 20 bp
Output file will be GZIP compressed


This is cutadapt 4.4 with Python 3.12.3
Command line parameters: -j 1 -e 0.1 -q 30 -O 1 -a AGATCGGAAGAGC SRR29655430_2.fastq.gz
Processing single-end reads on 1 core ...
Finished in 112.938 s (51.144 µs/read; 1.17 M reads/minute).

=== Summary ===

Total reads processed:               2,208,244
Reads with adapters:                 1,089,797 (49.4%)
Reads written (passing filters):     2,208,244 (100.0%)

Total basepairs processed:   552,061,000 bp
Quality-trimmed:               9,063,567 bp (1.6%)
Total written (filtered):    492,409,448 bp (89.2%)

=== Adapter 1 ===

Sequence: AGATCGGAAGAGC; Type: regular 3'; Length: 13; Trimmed: 1089797 times

Minimum overlap: 1
No. of allowed errors:
1-9 bp: 0; 10-13 bp: 1

Bases preceding removed adapters:
  A: 14.7%
  C: 42.1%
  G: 30.2%
  T: 13.0%
  none/other: 0.0%

Overview of removed sequences
length	count	expect	max.err	error counts
1	231364	552061.0	0	231364
2	78313	138015.2	0	78313
3	19450	34503.8	0	19450
4	10692	8626.0	0	10692
5	10634	2156.5	0	10634
6	8345	539.1	0	8345
7	8220	134.8	0	8220
8	10364	33.7	0	10364
9	5185	8.4	0	5121 64
10	8367	2.1	1	8018 349
11	6988	0.5	1	6702 286
12	8087	0.1	1	7731 356
13	8048	0.0	1	7644 404
14	8996	0.0	1	8471 525
15	7557	0.0	1	7166 391
16	7639	0.0	1	7052 587
17	9582	0.0	1	8915 667
18	5718	0.0	1	5264 454
19	9466	0.0	1	8883 583
20	7208	0.0	1	6872 336
21	6363	0.0	1	6112 251
22	7321	0.0	1	7037 284
23	7297	0.0	1	6931 366
24	8426	0.0	1	7777 649
25	10463	0.0	1	9793 670
26	5662	0.0	1	5297 365
27	6713	0.0	1	6366 347
28	7546	0.0	1	7239 307
29	6645	0.0	1	6317 328
30	7541	0.0	1	7232 309
31	6578	0.0	1	6367 211
32	8045	0.0	1	7688 357
33	7595	0.0	1	7324 271
34	7026	0.0	1	6685 341
35	7023	0.0	1	6746 277
36	6297	0.0	1	5952 345
37	6397	0.0	1	6055 342
38	8526	0.0	1	8024 502
39	7896	0.0	1	7556 340
40	5935	0.0	1	5675 260
41	6725	0.0	1	6436 289
42	6837	0.0	1	6560 277
43	7509	0.0	1	7157 352
44	7848	0.0	1	7482 366
45	16368	0.0	1	15775 593
46	17540	0.0	1	16928 612
47	31096	0.0	1	30278 818
48	3793	0.0	1	3587 206
49	8546	0.0	1	8267 279
50	2362	0.0	1	2236 126
51	5454	0.0	1	5182 272
52	3055	0.0	1	2828 227
53	6318	0.0	1	5915 403
54	12962	0.0	1	12513 449
55	1919	0.0	1	1715 204
56	7777	0.0	1	7234 543
57	23293	0.0	1	22548 745
58	5718	0.0	1	5541 177
59	641	0.0	1	573 68
60	7418	0.0	1	7150 268
61	783	0.0	1	740 43
62	443	0.0	1	375 68
63	6111	0.0	1	5934 177
64	669	0.0	1	623 46
65	301	0.0	1	282 19
66	997	0.0	1	939 58
67	795	0.0	1	763 32
68	682	0.0	1	650 32
69	1057	0.0	1	1027 30
70	1557	0.0	1	1508 49
71	738	0.0	1	706 32
72	525	0.0	1	494 31
73	765	0.0	1	743 22
74	505	0.0	1	482 23
75	778	0.0	1	756 22
76	1006	0.0	1	976 30
77	2255	0.0	1	2183 72
78	3278	0.0	1	3177 101
79	3852	0.0	1	3720 132
80	4056	0.0	1	3946 110
81	4231	0.0	1	4121 110
82	4263	0.0	1	4149 114
83	4244	0.0	1	4117 127
84	4227	0.0	1	4087 140
85	4250	0.0	1	4123 127
86	4051	0.0	1	3921 130
87	4092	0.0	1	3976 116
88	4029	0.0	1	3908 121
89	3968	0.0	1	3858 110
90	3905	0.0	1	3780 125
91	3880	0.0	1	3789 91
92	3881	0.0	1	3787 94
93	3851	0.0	1	3773 78
94	3726	0.0	1	3637 89
95	3791	0.0	1	3687 104
96	3536	0.0	1	3432 104
97	3626	0.0	1	3549 77
98	3494	0.0	1	3402 92
99	3577	0.0	1	3467 110
100	3611	0.0	1	3537 74
101	3496	0.0	1	3394 102
102	3346	0.0	1	3261 85
103	3359	0.0	1	3296 63
104	3235	0.0	1	3136 99
105	3314	0.0	1	3240 74
106	3135	0.0	1	3057 78
107	3203	0.0	1	3124 79
108	3166	0.0	1	3098 68
109	3156	0.0	1	3088 68
110	3005	0.0	1	2926 79
111	2920	0.0	1	2866 54
112	3000	0.0	1	2929 71
113	2934	0.0	1	2865 69
114	2884	0.0	1	2815 69
115	2778	0.0	1	2707 71
116	2854	0.0	1	2775 79
117	2908	0.0	1	2840 68
118	2815	0.0	1	2749 66
119	2695	0.0	1	2628 67
120	2592	0.0	1	2538 54
121	2591	0.0	1	2529 62
122	2644	0.0	1	2584 60
123	2499	0.0	1	2416 83
124	2495	0.0	1	2433 62
125	2442	0.0	1	2388 54
126	2338	0.0	1	2286 52
127	2381	0.0	1	2341 40
128	2271	0.0	1	2221 50
129	2219	0.0	1	2174 45
130	2226	0.0	1	2186 40
131	2188	0.0	1	2149 39
132	2189	0.0	1	2140 49
133	2108	0.0	1	2053 55
134	2015	0.0	1	1969 46
135	2141	0.0	1	2096 45
136	1917	0.0	1	1881 36
137	1969	0.0	1	1916 53
138	2073	0.0	1	2022 51
139	1849	0.0	1	1795 54
140	1848	0.0	1	1793 55
141	1856	0.0	1	1815 41
142	1818	0.0	1	1755 63
143	1804	0.0	1	1757 47
144	1784	0.0	1	1735 49
145	1660	0.0	1	1633 27
146	1701	0.0	1	1664 37
147	1650	0.0	1	1612 38
148	1556	0.0	1	1526 30
149	1661	0.0	1	1613 48
150	1493	0.0	1	1464 29
151	1473	0.0	1	1432 41
152	1486	0.0	1	1450 36
153	1412	0.0	1	1384 28
154	1450	0.0	1	1410 40
155	1372	0.0	1	1337 35
156	1326	0.0	1	1299 27
157	1408	0.0	1	1388 20
158	1321	0.0	1	1296 25
159	1310	0.0	1	1272 38
160	1198	0.0	1	1181 17
161	1256	0.0	1	1224 32
162	1187	0.0	1	1156 31
163	1224	0.0	1	1205 19
164	1189	0.0	1	1165 24
165	1182	0.0	1	1158 24
166	1136	0.0	1	1112 24
167	1097	0.0	1	1072 25
168	1041	0.0	1	1026 15
169	1040	0.0	1	1023 17
170	987	0.0	1	971 16
171	958	0.0	1	943 15
172	985	0.0	1	968 17
173	955	0.0	1	935 20
174	907	0.0	1	894 13
175	866	0.0	1	848 18
176	830	0.0	1	811 19
177	862	0.0	1	845 17
178	887	0.0	1	867 20
179	813	0.0	1	802 11
180	797	0.0	1	782 15
181	797	0.0	1	780 17
182	731	0.0	1	720 11
183	777	0.0	1	756 21
184	731	0.0	1	713 18
185	743	0.0	1	722 21
186	699	0.0	1	676 23
187	660	0.0	1	648 12
188	684	0.0	1	674 10
189	662	0.0	1	646 16
190	635	0.0	1	622 13
191	622	0.0	1	610 12
192	615	0.0	1	601 14
193	586	0.0	1	575 11
194	644	0.0	1	633 11
195	555	0.0	1	542 13
196	529	0.0	1	523 6
197	595	0.0	1	578 17
198	551	0.0	1	539 12
199	532	0.0	1	514 18
200	527	0.0	1	514 13
201	558	0.0	1	544 14
202	525	0.0	1	515 10
203	490	0.0	1	478 12
204	494	0.0	1	479 15
205	512	0.0	1	501 11
206	492	0.0	1	481 11
207	499	0.0	1	488 11
208	447	0.0	1	438 9
209	475	0.0	1	461 14
210	447	0.0	1	434 13
211	438	0.0	1	425 13
212	490	0.0	1	482 8
213	455	0.0	1	448 7
214	420	0.0	1	410 10
215	438	0.0	1	430 8
216	417	0.0	1	413 4
217	377	0.0	1	374 3
218	410	0.0	1	400 10
219	405	0.0	1	393 12
220	434	0.0	1	427 7
221	402	0.0	1	393 9
222	361	0.0	1	354 7
223	352	0.0	1	346 6
224	305	0.0	1	295 10
225	241	0.0	1	238 3
226	212	0.0	1	207 5
227	178	0.0	1	172 6
228	146	0.0	1	143 3
229	93	0.0	1	92 1
230	61	0.0	1	59 2
231	48	0.0	1	44 4
232	32	0.0	1	31 1
233	40	0.0	1	40
234	46	0.0	1	43 3
235	28	0.0	1	26 2
236	45	0.0	1	44 1
237	47	0.0	1	43 4
238	44	0.0	1	43 1
239	60	0.0	1	60
240	84	0.0	1	78 6
241	93	0.0	1	92 1
242	118	0.0	1	115 3
243	107	0.0	1	104 3
244	40	0.0	1	40
245	44	0.0	1	43 1
246	24	0.0	1	23 1
247	36	0.0	1	35 1
248	55	0.0	1	53 2
249	53	0.0	1	49 4
250	85	0.0	1	81 4

RUN STATISTICS FOR INPUT FILE: SRR29655430_2.fastq.gz
=============================================
2208244 sequences processed in total

Total number of sequences analysed for the sequence pair length validation: 2208244

Number of sequence pairs removed because at least one read was shorter than the length cutoff (20 bp): 14826 (0.67%)
