
SUMMARISING RUN PARAMETERS
==========================
Input filename: SRR29655431_2.fastq.gz
Trimming mode: paired-end
Trim Galore version: 0.6.10
Cutadapt version: 4.4
Number of cores used for trimming: 1
Quality Phred score cutoff: 30
Quality encoding type selected: ASCII+33
Using Illumina adapter for trimming (count: 45629). Second best hit was smallRNA (count: 8)
Adapter sequence: 'AGATCGGAAGAGC' (Illumina TruSeq, Sanger iPCR; auto-detected)
Maximum trimming error rate: 0.1 (default)
Minimum required adapter overlap (stringency): 1 bp
Minimum required sequence length for both reads before a sequence pair gets removed: 20 bp
Output file will be GZIP compressed


This is cutadapt 4.4 with Python 3.12.3
Command line parameters: -j 1 -e 0.1 -q 30 -O 1 -a AGATCGGAAGAGC SRR29655431_2.fastq.gz
Processing single-end reads on 1 core ...
Finished in 26.052 s (52.476 µs/read; 1.14 M reads/minute).

=== Summary ===

Total reads processed:                 496,455
Reads with adapters:                   153,041 (30.8%)
Reads written (passing filters):       496,455 (100.0%)

Total basepairs processed:   124,113,750 bp
Quality-trimmed:               2,417,823 bp (1.9%)
Total written (filtered):    118,430,730 bp (95.4%)

=== Adapter 1 ===

Sequence: AGATCGGAAGAGC; Type: regular 3'; Length: 13; Trimmed: 153041 times

Minimum overlap: 1
No. of allowed errors:
1-9 bp: 0; 10-13 bp: 1

Bases preceding removed adapters:
  A: 15.0%
  C: 37.3%
  G: 34.5%
  T: 13.1%
  none/other: 0.1%

Overview of removed sequences
length	count	expect	max.err	error counts
1	70666	124113.8	0	70666
2	22888	31028.4	0	22888
3	4347	7757.1	0	4347
4	1744	1939.3	0	1744
5	1356	484.8	0	1356
6	889	121.2	0	889
7	826	30.3	0	826
8	988	7.6	0	988
9	452	1.9	0	444 8
10	776	0.5	1	733 43
11	619	0.1	1	589 30
12	741	0.0	1	710 31
13	740	0.0	1	700 40
14	778	0.0	1	714 64
15	656	0.0	1	612 44
16	603	0.0	1	554 49
17	802	0.0	1	743 59
18	454	0.0	1	411 43
19	907	0.0	1	844 63
20	584	0.0	1	557 27
21	494	0.0	1	475 19
22	561	0.0	1	540 21
23	575	0.0	1	553 22
24	895	0.0	1	830 65
25	739	0.0	1	694 45
26	441	0.0	1	415 26
27	529	0.0	1	496 33
28	554	0.0	1	532 22
29	495	0.0	1	462 33
30	543	0.0	1	517 26
31	548	0.0	1	529 19
32	725	0.0	1	693 32
33	632	0.0	1	609 23
34	386	0.0	1	363 23
35	440	0.0	1	426 14
36	609	0.0	1	568 41
37	575	0.0	1	531 44
38	555	0.0	1	521 34
39	513	0.0	1	480 33
40	505	0.0	1	482 23
41	531	0.0	1	512 19
42	580	0.0	1	552 28
43	539	0.0	1	514 25
44	641	0.0	1	598 43
45	1331	0.0	1	1290 41
46	1237	0.0	1	1187 50
47	2854	0.0	1	2758 96
48	312	0.0	1	283 29
49	540	0.0	1	524 16
50	150	0.0	1	141 9
51	311	0.0	1	298 13
52	165	0.0	1	151 14
53	391	0.0	1	355 36
54	759	0.0	1	728 31
55	116	0.0	1	105 11
56	538	0.0	1	491 47
57	1303	0.0	1	1262 41
58	361	0.0	1	353 8
59	37	0.0	1	34 3
60	470	0.0	1	448 22
61	36	0.0	1	35 1
62	24	0.0	1	20 4
63	393	0.0	1	376 17
64	57	0.0	1	53 4
65	11	0.0	1	8 3
66	44	0.0	1	44
67	34	0.0	1	30 4
68	39	0.0	1	35 4
69	62	0.0	1	61 1
70	76	0.0	1	75 1
71	29	0.0	1	29
72	18	0.0	1	15 3
73	32	0.0	1	29 3
74	29	0.0	1	28 1
75	45	0.0	1	43 2
76	73	0.0	1	68 5
77	133	0.0	1	124 9
78	207	0.0	1	197 10
79	225	0.0	1	218 7
80	271	0.0	1	265 6
81	294	0.0	1	282 12
82	251	0.0	1	243 8
83	247	0.0	1	239 8
84	253	0.0	1	245 8
85	280	0.0	1	274 6
86	277	0.0	1	270 7
87	254	0.0	1	244 10
88	233	0.0	1	225 8
89	274	0.0	1	262 12
90	240	0.0	1	233 7
91	252	0.0	1	242 10
92	241	0.0	1	229 12
93	267	0.0	1	256 11
94	195	0.0	1	188 7
95	222	0.0	1	217 5
96	220	0.0	1	213 7
97	224	0.0	1	215 9
98	211	0.0	1	206 5
99	237	0.0	1	231 6
100	240	0.0	1	227 13
101	191	0.0	1	188 3
102	188	0.0	1	184 4
103	185	0.0	1	181 4
104	171	0.0	1	164 7
105	209	0.0	1	203 6
106	179	0.0	1	173 6
107	189	0.0	1	184 5
108	201	0.0	1	189 12
109	170	0.0	1	165 5
110	184	0.0	1	175 9
111	173	0.0	1	169 4
112	186	0.0	1	181 5
113	161	0.0	1	155 6
114	135	0.0	1	132 3
115	148	0.0	1	142 6
116	148	0.0	1	145 3
117	136	0.0	1	130 6
118	139	0.0	1	133 6
119	158	0.0	1	154 4
120	140	0.0	1	135 5
121	132	0.0	1	130 2
122	134	0.0	1	131 3
123	128	0.0	1	123 5
124	172	0.0	1	162 10
125	139	0.0	1	136 3
126	135	0.0	1	127 8
127	114	0.0	1	110 4
128	125	0.0	1	118 7
129	119	0.0	1	117 2
130	112	0.0	1	112
131	129	0.0	1	125 4
132	129	0.0	1	126 3
133	106	0.0	1	101 5
134	116	0.0	1	113 3
135	114	0.0	1	112 2
136	115	0.0	1	113 2
137	97	0.0	1	95 2
138	90	0.0	1	84 6
139	94	0.0	1	88 6
140	98	0.0	1	97 1
141	91	0.0	1	88 3
142	82	0.0	1	78 4
143	101	0.0	1	99 2
144	91	0.0	1	87 4
145	84	0.0	1	81 3
146	84	0.0	1	81 3
147	81	0.0	1	79 2
148	52	0.0	1	48 4
149	84	0.0	1	81 3
150	92	0.0	1	88 4
151	85	0.0	1	84 1
152	62	0.0	1	60 2
153	75	0.0	1	72 3
154	68	0.0	1	65 3
155	69	0.0	1	64 5
156	68	0.0	1	65 3
157	56	0.0	1	52 4
158	75	0.0	1	74 1
159	54	0.0	1	51 3
160	60	0.0	1	55 5
161	60	0.0	1	60
162	79	0.0	1	73 6
163	62	0.0	1	59 3
164	61	0.0	1	58 3
165	61	0.0	1	59 2
166	59	0.0	1	56 3
167	63	0.0	1	62 1
168	44	0.0	1	42 2
169	51	0.0	1	50 1
170	66	0.0	1	64 2
171	60	0.0	1	60
172	66	0.0	1	64 2
173	42	0.0	1	40 2
174	43	0.0	1	41 2
175	46	0.0	1	41 5
176	44	0.0	1	41 3
177	47	0.0	1	47
178	44	0.0	1	44
179	60	0.0	1	58 2
180	37	0.0	1	36 1
181	40	0.0	1	38 2
182	44	0.0	1	41 3
183	43	0.0	1	43
184	41	0.0	1	41
185	30	0.0	1	30
186	46	0.0	1	43 3
187	37	0.0	1	36 1
188	33	0.0	1	32 1
189	43	0.0	1	42 1
190	44	0.0	1	42 2
191	42	0.0	1	40 2
192	48	0.0	1	47 1
193	38	0.0	1	37 1
194	38	0.0	1	36 2
195	35	0.0	1	34 1
196	27	0.0	1	26 1
197	24	0.0	1	23 1
198	27	0.0	1	27
199	49	0.0	1	48 1
200	40	0.0	1	39 1
201	39	0.0	1	36 3
202	34	0.0	1	33 1
203	40	0.0	1	39 1
204	32	0.0	1	31 1
205	32	0.0	1	31 1
206	20	0.0	1	16 4
207	23	0.0	1	23
208	24	0.0	1	19 5
209	34	0.0	1	32 2
210	44	0.0	1	44
211	23	0.0	1	22 1
212	35	0.0	1	33 2
213	38	0.0	1	35 3
214	22	0.0	1	22
215	30	0.0	1	29 1
216	25	0.0	1	23 2
217	35	0.0	1	34 1
218	19	0.0	1	19
219	30	0.0	1	29 1
220	34	0.0	1	32 2
221	26	0.0	1	26
222	24	0.0	1	24
223	16	0.0	1	16
224	17	0.0	1	17
225	11	0.0	1	10 1
226	9	0.0	1	9
227	6	0.0	1	6
228	7	0.0	1	7
229	4	0.0	1	3 1
230	4	0.0	1	4
231	5	0.0	1	5
232	5	0.0	1	1 4
233	1	0.0	1	1
235	1	0.0	1	1
236	1	0.0	1	1
237	3	0.0	1	3
238	5	0.0	1	5
239	1	0.0	1	0 1
240	3	0.0	1	3
241	2	0.0	1	2
242	3	0.0	1	2 1
243	1	0.0	1	1
244	3	0.0	1	3
245	2	0.0	1	2
246	5	0.0	1	3 2
247	2	0.0	1	2
248	1	0.0	1	1
249	2	0.0	1	2
250	45	0.0	1	18 27

RUN STATISTICS FOR INPUT FILE: SRR29655431_2.fastq.gz
=============================================
496455 sequences processed in total

Total number of sequences analysed for the sequence pair length validation: 496455

Number of sequence pairs removed because at least one read was shorter than the length cutoff (20 bp): 8545 (1.72%)
