
SUMMARISING RUN PARAMETERS
==========================
Input filename: SRR29655433_2.fastq.gz
Trimming mode: paired-end
Trim Galore version: 0.6.10
Cutadapt version: 4.4
Number of cores used for trimming: 1
Quality Phred score cutoff: 30
Quality encoding type selected: ASCII+33
Using Illumina adapter for trimming (count: 36076). Second best hit was smallRNA (count: 3)
Adapter sequence: 'AGATCGGAAGAGC' (Illumina TruSeq, Sanger iPCR; auto-detected)
Maximum trimming error rate: 0.1 (default)
Minimum required adapter overlap (stringency): 1 bp
Minimum required sequence length for both reads before a sequence pair gets removed: 20 bp
Output file will be GZIP compressed


This is cutadapt 4.4 with Python 3.12.3
Command line parameters: -j 1 -e 0.1 -q 30 -O 1 -a AGATCGGAAGAGC SRR29655433_2.fastq.gz
Processing single-end reads on 1 core ...
Finished in 11.279 s (50.261 µs/read; 1.19 M reads/minute).

=== Summary ===

Total reads processed:                 224,419
Reads with adapters:                    82,747 (36.9%)
Reads written (passing filters):       224,419 (100.0%)

Total basepairs processed:    56,104,750 bp
Quality-trimmed:               1,201,626 bp (2.1%)
Total written (filtered):     52,070,156 bp (92.8%)

=== Adapter 1 ===

Sequence: AGATCGGAAGAGC; Type: regular 3'; Length: 13; Trimmed: 82747 times

Minimum overlap: 1
No. of allowed errors:
1-9 bp: 0; 10-13 bp: 1

Bases preceding removed adapters:
  A: 15.0%
  C: 33.8%
  G: 35.1%
  T: 16.1%
  none/other: 0.1%

Overview of removed sequences
length	count	expect	max.err	error counts
1	29588	56104.8	0	29588
2	9303	14026.2	0	9303
3	1915	3506.5	0	1915
4	957	876.6	0	957
5	724	219.2	0	724
6	481	54.8	0	481
7	452	13.7	0	452
8	594	3.4	0	594
9	246	0.9	0	245 1
10	433	0.2	1	406 27
11	420	0.1	1	404 16
12	424	0.0	1	404 20
13	424	0.0	1	396 28
14	468	0.0	1	435 33
15	377	0.0	1	354 23
16	453	0.0	1	408 45
17	493	0.0	1	439 54
18	352	0.0	1	326 26
19	400	0.0	1	371 29
20	422	0.0	1	392 30
21	433	0.0	1	410 23
22	373	0.0	1	354 19
23	379	0.0	1	366 13
24	549	0.0	1	504 45
25	543	0.0	1	503 40
26	264	0.0	1	246 18
27	349	0.0	1	323 26
28	378	0.0	1	362 16
29	353	0.0	1	329 24
30	359	0.0	1	346 13
31	373	0.0	1	359 14
32	363	0.0	1	348 15
33	478	0.0	1	455 23
34	373	0.0	1	351 22
35	309	0.0	1	294 15
36	525	0.0	1	494 31
37	340	0.0	1	327 13
38	429	0.0	1	408 21
39	336	0.0	1	319 17
40	316	0.0	1	305 11
41	400	0.0	1	384 16
42	415	0.0	1	401 14
43	349	0.0	1	333 16
44	510	0.0	1	485 25
45	1048	0.0	1	1021 27
46	896	0.0	1	856 40
47	2231	0.0	1	2171 60
48	207	0.0	1	192 15
49	402	0.0	1	392 10
50	91	0.0	1	83 8
51	212	0.0	1	198 14
52	116	0.0	1	103 13
53	295	0.0	1	285 10
54	560	0.0	1	536 24
55	88	0.0	1	75 13
56	376	0.0	1	350 26
57	977	0.0	1	936 41
58	230	0.0	1	222 8
59	24	0.0	1	18 6
60	351	0.0	1	332 19
61	30	0.0	1	26 4
62	20	0.0	1	14 6
63	302	0.0	1	285 17
64	49	0.0	1	49
65	7	0.0	1	7
66	45	0.0	1	39 6
67	27	0.0	1	25 2
68	18	0.0	1	17 1
69	41	0.0	1	39 2
70	80	0.0	1	78 2
71	32	0.0	1	30 2
72	15	0.0	1	13 2
73	26	0.0	1	23 3
74	14	0.0	1	12 2
75	32	0.0	1	32
76	55	0.0	1	54 1
77	141	0.0	1	131 10
78	183	0.0	1	176 7
79	221	0.0	1	218 3
80	222	0.0	1	215 7
81	236	0.0	1	230 6
82	230	0.0	1	221 9
83	219	0.0	1	211 8
84	234	0.0	1	226 8
85	215	0.0	1	210 5
86	202	0.0	1	193 9
87	220	0.0	1	209 11
88	235	0.0	1	224 11
89	214	0.0	1	201 13
90	254	0.0	1	241 13
91	218	0.0	1	213 5
92	202	0.0	1	198 4
93	187	0.0	1	178 9
94	218	0.0	1	207 11
95	197	0.0	1	191 6
96	199	0.0	1	190 9
97	195	0.0	1	189 6
98	207	0.0	1	206 1
99	212	0.0	1	202 10
100	211	0.0	1	200 11
101	190	0.0	1	184 6
102	170	0.0	1	168 2
103	190	0.0	1	181 9
104	198	0.0	1	190 8
105	230	0.0	1	223 7
106	200	0.0	1	194 6
107	157	0.0	1	152 5
108	185	0.0	1	178 7
109	177	0.0	1	172 5
110	162	0.0	1	155 7
111	175	0.0	1	172 3
112	171	0.0	1	165 6
113	173	0.0	1	165 8
114	170	0.0	1	163 7
115	156	0.0	1	146 10
116	185	0.0	1	178 7
117	156	0.0	1	150 6
118	156	0.0	1	148 8
119	142	0.0	1	135 7
120	156	0.0	1	152 4
121	141	0.0	1	136 5
122	155	0.0	1	149 6
123	153	0.0	1	144 9
124	123	0.0	1	117 6
125	140	0.0	1	134 6
126	149	0.0	1	147 2
127	116	0.0	1	112 4
128	112	0.0	1	111 1
129	94	0.0	1	89 5
130	100	0.0	1	100
131	122	0.0	1	119 3
132	129	0.0	1	123 6
133	154	0.0	1	145 9
134	134	0.0	1	133 1
135	110	0.0	1	106 4
136	98	0.0	1	95 3
137	108	0.0	1	103 5
138	118	0.0	1	115 3
139	110	0.0	1	106 4
140	99	0.0	1	92 7
141	77	0.0	1	71 6
142	98	0.0	1	95 3
143	107	0.0	1	106 1
144	103	0.0	1	101 2
145	85	0.0	1	83 2
146	86	0.0	1	82 4
147	91	0.0	1	87 4
148	87	0.0	1	86 1
149	95	0.0	1	87 8
150	69	0.0	1	68 1
151	84	0.0	1	82 2
152	100	0.0	1	99 1
153	81	0.0	1	77 4
154	73	0.0	1	73
155	74	0.0	1	74
156	66	0.0	1	64 2
157	95	0.0	1	92 3
158	65	0.0	1	59 6
159	66	0.0	1	64 2
160	71	0.0	1	67 4
161	72	0.0	1	71 1
162	73	0.0	1	73
163	44	0.0	1	40 4
164	66	0.0	1	66
165	67	0.0	1	66 1
166	69	0.0	1	66 3
167	57	0.0	1	54 3
168	66	0.0	1	65 1
169	51	0.0	1	51
170	42	0.0	1	42
171	56	0.0	1	55 1
172	41	0.0	1	40 1
173	50	0.0	1	48 2
174	50	0.0	1	49 1
175	54	0.0	1	50 4
176	60	0.0	1	58 2
177	54	0.0	1	52 2
178	31	0.0	1	29 2
179	35	0.0	1	34 1
180	39	0.0	1	37 2
181	54	0.0	1	51 3
182	45	0.0	1	45
183	29	0.0	1	26 3
184	44	0.0	1	43 1
185	44	0.0	1	44
186	42	0.0	1	41 1
187	58	0.0	1	56 2
188	36	0.0	1	34 2
189	39	0.0	1	38 1
190	29	0.0	1	28 1
191	38	0.0	1	38
192	35	0.0	1	35
193	41	0.0	1	40 1
194	42	0.0	1	40 2
195	24	0.0	1	24
196	31	0.0	1	28 3
197	44	0.0	1	42 2
198	50	0.0	1	50
199	33	0.0	1	33
200	30	0.0	1	30
201	48	0.0	1	47 1
202	56	0.0	1	51 5
203	47	0.0	1	45 2
204	24	0.0	1	24
205	25	0.0	1	25
206	38	0.0	1	34 4
207	28	0.0	1	26 2
208	29	0.0	1	29
209	33	0.0	1	33
210	34	0.0	1	34
211	32	0.0	1	31 1
212	39	0.0	1	35 4
213	26	0.0	1	25 1
214	26	0.0	1	26
215	32	0.0	1	31 1
216	23	0.0	1	23
217	33	0.0	1	33
218	34	0.0	1	32 2
219	29	0.0	1	29
220	30	0.0	1	30
221	34	0.0	1	32 2
222	17	0.0	1	17
223	16	0.0	1	16
224	13	0.0	1	12 1
225	27	0.0	1	27
226	10	0.0	1	10
227	9	0.0	1	9
228	10	0.0	1	9 1
229	5	0.0	1	5
230	5	0.0	1	5
231	2	0.0	1	2
234	3	0.0	1	1 2
235	1	0.0	1	1
236	1	0.0	1	1
237	1	0.0	1	1
240	3	0.0	1	3
241	1	0.0	1	1
242	1	0.0	1	1
243	2	0.0	1	2
245	2	0.0	1	1 1
246	2	0.0	1	2
247	5	0.0	1	4 1
248	2	0.0	1	2
249	1	0.0	1	0 1
250	15	0.0	1	4 11

RUN STATISTICS FOR INPUT FILE: SRR29655433_2.fastq.gz
=============================================
224419 sequences processed in total

Total number of sequences analysed for the sequence pair length validation: 224419

Number of sequence pairs removed because at least one read was shorter than the length cutoff (20 bp): 3274 (1.46%)
