
SUMMARISING RUN PARAMETERS
==========================
Input filename: SRR29654630_1.fastq.gz
Trimming mode: paired-end
Trim Galore version: 0.6.10
Cutadapt version: 4.4
Number of cores used for trimming: 1
Quality Phred score cutoff: 30
Quality encoding type selected: ASCII+33
Using Illumina adapter for trimming (count: 259884). Second best hit was smallRNA (count: 11)
Adapter sequence: 'AGATCGGAAGAGC' (Illumina TruSeq, Sanger iPCR; auto-detected)
Maximum trimming error rate: 0.1 (default)
Minimum required adapter overlap (stringency): 1 bp
Minimum required sequence length for both reads before a sequence pair gets removed: 20 bp
Output file will be GZIP compressed


This is cutadapt 4.4 with Python 3.12.3
Command line parameters: -j 1 -e 0.1 -q 30 -O 1 -a AGATCGGAAGAGC SRR29654630_1.fastq.gz
Processing single-end reads on 1 core ...
Finished in 119.816 s (53.927 µs/read; 1.11 M reads/minute).

=== Summary ===

Total reads processed:               2,221,817
Reads with adapters:                 1,039,877 (46.8%)
Reads written (passing filters):     2,221,817 (100.0%)

Total basepairs processed:   555,454,250 bp
Quality-trimmed:               7,934,817 bp (1.4%)
Total written (filtered):    513,464,703 bp (92.4%)

=== Adapter 1 ===

Sequence: AGATCGGAAGAGC; Type: regular 3'; Length: 13; Trimmed: 1039877 times

Minimum overlap: 1
No. of allowed errors:
1-9 bp: 0; 10-13 bp: 1

Bases preceding removed adapters:
  A: 14.5%
  C: 41.3%
  G: 31.6%
  T: 12.5%
  none/other: 0.1%

Overview of removed sequences
length	count	expect	max.err	error counts
1	250379	555454.2	0	250379
2	80006	138863.6	0	80006
3	23150	34715.9	0	23150
4	12785	8679.0	0	12785
5	12422	2169.7	0	12422
6	9818	542.4	0	9818
7	9843	135.6	0	9843
8	11846	33.9	0	11846
9	7653	8.5	0	7604 49
10	9257	2.1	1	8923 334
11	9614	0.5	1	9211 403
12	9377	0.1	1	9030 347
13	9998	0.0	1	9643 355
14	9326	0.0	1	8963 363
15	9717	0.0	1	9277 440
16	9366	0.0	1	8981 385
17	11758	0.0	1	11153 605
18	9198	0.0	1	8817 381
19	8406	0.0	1	8108 298
20	10404	0.0	1	10022 382
21	7713	0.0	1	7442 271
22	9237	0.0	1	8882 355
23	9153	0.0	1	8850 303
24	8388	0.0	1	8119 269
25	9034	0.0	1	8743 291
26	8279	0.0	1	8027 252
27	9243	0.0	1	8953 290
28	9372	0.0	1	9081 291
29	8474	0.0	1	8216 258
30	8600	0.0	1	8388 212
31	7491	0.0	1	7224 267
32	8671	0.0	1	8431 240
33	8125	0.0	1	7818 307
34	8651	0.0	1	8310 341
35	9631	0.0	1	9242 389
36	8340	0.0	1	8086 254
37	7027	0.0	1	6775 252
38	9365	0.0	1	9055 310
39	6993	0.0	1	6786 207
40	9784	0.0	1	9376 408
41	9079	0.0	1	8779 300
42	16703	0.0	1	16172 531
43	20630	0.0	1	20152 478
44	11579	0.0	1	11018 561
45	58592	0.0	1	57841 751
46	3500	0.0	1	3371 129
47	3217	0.0	1	3056 161
48	15634	0.0	1	15357 277
49	5376	0.0	1	5295 81
50	1519	0.0	1	1439 80
51	8354	0.0	1	8189 165
52	2671	0.0	1	2609 62
53	491	0.0	1	447 44
54	3387	0.0	1	3292 95
55	4310	0.0	1	4223 87
56	2064	0.0	1	2017 47
57	994	0.0	1	966 28
58	1490	0.0	1	1449 41
59	2972	0.0	1	2927 45
60	169	0.0	1	160 9
61	1354	0.0	1	1317 37
62	3334	0.0	1	3278 56
63	324	0.0	1	308 16
64	750	0.0	1	716 34
65	2425	0.0	1	2375 50
66	2725	0.0	1	2674 51
67	277	0.0	1	257 20
68	1109	0.0	1	1081 28
69	1117	0.0	1	1083 34
70	906	0.0	1	882 24
71	46	0.0	1	36 10
72	110	0.0	1	96 14
73	770	0.0	1	751 19
74	1683	0.0	1	1641 42
75	2627	0.0	1	2564 63
76	3119	0.0	1	3057 62
77	3392	0.0	1	3301 91
78	3470	0.0	1	3386 84
79	3508	0.0	1	3416 92
80	3445	0.0	1	3364 81
81	3407	0.0	1	3318 89
82	3557	0.0	1	3479 78
83	3365	0.0	1	3277 88
84	3190	0.0	1	3114 76
85	3224	0.0	1	3129 95
86	3143	0.0	1	3060 83
87	3113	0.0	1	3039 74
88	2962	0.0	1	2897 65
89	2864	0.0	1	2778 86
90	2975	0.0	1	2889 86
91	2693	0.0	1	2620 73
92	2630	0.0	1	2555 75
93	2709	0.0	1	2639 70
94	2594	0.0	1	2524 70
95	2407	0.0	1	2351 56
96	2522	0.0	1	2444 78
97	2351	0.0	1	2292 59
98	2415	0.0	1	2363 52
99	2238	0.0	1	2184 54
100	2212	0.0	1	2150 62
101	2142	0.0	1	2082 60
102	2078	0.0	1	2029 49
103	2032	0.0	1	2000 32
104	1988	0.0	1	1921 67
105	1804	0.0	1	1771 33
106	1831	0.0	1	1775 56
107	1823	0.0	1	1781 42
108	1792	0.0	1	1748 44
109	1753	0.0	1	1718 35
110	1761	0.0	1	1723 38
111	1582	0.0	1	1543 39
112	1494	0.0	1	1462 32
113	1568	0.0	1	1544 24
114	1549	0.0	1	1517 32
115	1449	0.0	1	1408 41
116	1387	0.0	1	1352 35
117	1438	0.0	1	1405 33
118	1380	0.0	1	1350 30
119	1240	0.0	1	1201 39
120	1248	0.0	1	1215 33
121	1150	0.0	1	1126 24
122	1128	0.0	1	1087 41
123	1156	0.0	1	1122 34
124	1152	0.0	1	1113 39
125	1073	0.0	1	1051 22
126	1059	0.0	1	1039 20
127	958	0.0	1	935 23
128	971	0.0	1	950 21
129	958	0.0	1	929 29
130	898	0.0	1	867 31
131	912	0.0	1	887 25
132	902	0.0	1	880 22
133	852	0.0	1	827 25
134	857	0.0	1	835 22
135	806	0.0	1	783 23
136	789	0.0	1	769 20
137	764	0.0	1	742 22
138	763	0.0	1	750 13
139	751	0.0	1	731 20
140	743	0.0	1	724 19
141	705	0.0	1	695 10
142	654	0.0	1	634 20
143	615	0.0	1	603 12
144	657	0.0	1	639 18
145	578	0.0	1	561 17
146	601	0.0	1	583 18
147	574	0.0	1	559 15
148	542	0.0	1	528 14
149	512	0.0	1	498 14
150	501	0.0	1	488 13
151	522	0.0	1	514 8
152	471	0.0	1	460 11
153	491	0.0	1	481 10
154	487	0.0	1	468 19
155	465	0.0	1	452 13
156	469	0.0	1	459 10
157	436	0.0	1	424 12
158	423	0.0	1	413 10
159	389	0.0	1	379 10
160	401	0.0	1	390 11
161	405	0.0	1	398 7
162	350	0.0	1	343 7
163	368	0.0	1	361 7
164	356	0.0	1	341 15
165	351	0.0	1	339 12
166	345	0.0	1	337 8
167	337	0.0	1	330 7
168	327	0.0	1	316 11
169	304	0.0	1	295 9
170	311	0.0	1	299 12
171	298	0.0	1	291 7
172	275	0.0	1	263 12
173	291	0.0	1	287 4
174	274	0.0	1	262 12
175	287	0.0	1	276 11
176	255	0.0	1	252 3
177	272	0.0	1	262 10
178	278	0.0	1	266 12
179	272	0.0	1	267 5
180	236	0.0	1	232 4
181	255	0.0	1	245 10
182	224	0.0	1	216 8
183	225	0.0	1	219 6
184	201	0.0	1	198 3
185	215	0.0	1	208 7
186	191	0.0	1	188 3
187	221	0.0	1	218 3
188	185	0.0	1	182 3
189	196	0.0	1	191 5
190	188	0.0	1	182 6
191	227	0.0	1	219 8
192	193	0.0	1	187 6
193	195	0.0	1	193 2
194	204	0.0	1	200 4
195	158	0.0	1	146 12
196	212	0.0	1	210 2
197	168	0.0	1	161 7
198	184	0.0	1	176 8
199	165	0.0	1	159 6
200	202	0.0	1	194 8
201	171	0.0	1	165 6
202	165	0.0	1	162 3
203	172	0.0	1	164 8
204	174	0.0	1	172 2
205	199	0.0	1	194 5
206	158	0.0	1	155 3
207	166	0.0	1	160 6
208	164	0.0	1	160 4
209	200	0.0	1	197 3
210	156	0.0	1	149 7
211	192	0.0	1	186 6
212	143	0.0	1	139 4
213	180	0.0	1	170 10
214	158	0.0	1	156 2
215	155	0.0	1	151 4
216	143	0.0	1	138 5
217	159	0.0	1	156 3
218	159	0.0	1	155 4
219	182	0.0	1	179 3
220	165	0.0	1	161 4
221	164	0.0	1	160 4
222	132	0.0	1	120 12
223	139	0.0	1	135 4
224	122	0.0	1	118 4
225	108	0.0	1	104 4
226	94	0.0	1	93 1
227	95	0.0	1	93 2
228	83	0.0	1	79 4
229	42	0.0	1	41 1
230	26	0.0	1	23 3
231	16	0.0	1	14 2
232	21	0.0	1	18 3
233	14	0.0	1	14
234	26	0.0	1	23 3
235	25	0.0	1	21 4
236	15	0.0	1	15
237	24	0.0	1	24
238	18	0.0	1	17 1
239	25	0.0	1	21 4
240	29	0.0	1	29
241	46	0.0	1	41 5
242	73	0.0	1	70 3
243	61	0.0	1	60 1
244	26	0.0	1	26
245	22	0.0	1	21 1
246	10	0.0	1	9 1
247	11	0.0	1	9 2
248	24	0.0	1	23 1
249	32	0.0	1	14 18
250	631	0.0	1	24 607

RUN STATISTICS FOR INPUT FILE: SRR29654630_1.fastq.gz
=============================================
2221817 sequences processed in total

