
SUMMARISING RUN PARAMETERS
==========================
Input filename: SRR29654630_2.fastq.gz
Trimming mode: paired-end
Trim Galore version: 0.6.10
Cutadapt version: 4.4
Number of cores used for trimming: 1
Quality Phred score cutoff: 30
Quality encoding type selected: ASCII+33
Using Illumina adapter for trimming (count: 259884). Second best hit was smallRNA (count: 11)
Adapter sequence: 'AGATCGGAAGAGC' (Illumina TruSeq, Sanger iPCR; auto-detected)
Maximum trimming error rate: 0.1 (default)
Minimum required adapter overlap (stringency): 1 bp
Minimum required sequence length for both reads before a sequence pair gets removed: 20 bp
Output file will be GZIP compressed


This is cutadapt 4.4 with Python 3.12.3
Command line parameters: -j 1 -e 0.1 -q 30 -O 1 -a AGATCGGAAGAGC SRR29654630_2.fastq.gz
Processing single-end reads on 1 core ...
Finished in 121.495 s (54.683 µs/read; 1.10 M reads/minute).

=== Summary ===

Total reads processed:               2,221,817
Reads with adapters:                 1,039,809 (46.8%)
Reads written (passing filters):     2,221,817 (100.0%)

Total basepairs processed:   555,454,250 bp
Quality-trimmed:               9,595,409 bp (1.7%)
Total written (filtered):    512,584,051 bp (92.3%)

=== Adapter 1 ===

Sequence: AGATCGGAAGAGC; Type: regular 3'; Length: 13; Trimmed: 1039809 times

Minimum overlap: 1
No. of allowed errors:
1-9 bp: 0; 10-13 bp: 1

Bases preceding removed adapters:
  A: 14.7%
  C: 41.3%
  G: 31.3%
  T: 12.7%
  none/other: 0.0%

Overview of removed sequences
length	count	expect	max.err	error counts
1	248763	555454.2	0	248763
2	84869	138863.6	0	84869
3	21952	34715.9	0	21952
4	12802	8679.0	0	12802
5	13003	2169.7	0	13003
6	9897	542.4	0	9897
7	10818	135.6	0	10818
8	12818	33.9	0	12818
9	6070	8.5	0	6022 48
10	10483	2.1	1	9981 502
11	8760	0.5	1	8352 408
12	9906	0.1	1	9460 446
13	9848	0.0	1	9394 454
14	11766	0.0	1	10937 829
15	9174	0.0	1	8621 553
16	9550	0.0	1	8775 775
17	13355	0.0	1	12269 1086
18	5901	0.0	1	5384 517
19	12608	0.0	1	11643 965
20	7766	0.0	1	7371 395
21	6995	0.0	1	6668 327
22	9089	0.0	1	8722 367
23	8903	0.0	1	8405 498
24	12085	0.0	1	11099 986
25	11294	0.0	1	10577 717
26	6331	0.0	1	5892 439
27	7295	0.0	1	6898 397
28	8855	0.0	1	8465 390
29	7686	0.0	1	7285 401
30	9074	0.0	1	8696 378
31	7889	0.0	1	7592 297
32	8526	0.0	1	8125 401
33	8668	0.0	1	8296 372
34	10165	0.0	1	9546 619
35	9664	0.0	1	9241 423
36	7151	0.0	1	6688 463
37	10120	0.0	1	9482 638
38	9750	0.0	1	9111 639
39	7958	0.0	1	7546 412
40	8322	0.0	1	7957 365
41	8732	0.0	1	8357 375
42	21266	0.0	1	20330 936
43	12369	0.0	1	11860 509
44	19756	0.0	1	18929 827
45	38200	0.0	1	37315 885
46	16689	0.0	1	16209 480
47	16414	0.0	1	15860 554
48	1489	0.0	1	1386 103
49	4825	0.0	1	4653 172
50	505	0.0	1	460 45
51	2552	0.0	1	2413 139
52	1092	0.0	1	989 103
53	5402	0.0	1	5086 316
54	7289	0.0	1	6897 392
55	961	0.0	1	843 118
56	5726	0.0	1	5227 499
57	8829	0.0	1	8258 571
58	1997	0.0	1	1914 83
59	371	0.0	1	308 63
60	5553	0.0	1	5316 237
61	348	0.0	1	305 43
62	325	0.0	1	274 51
63	5405	0.0	1	5229 176
64	717	0.0	1	665 52
65	149	0.0	1	134 15
66	610	0.0	1	566 44
67	272	0.0	1	257 15
68	279	0.0	1	263 16
69	557	0.0	1	528 29
70	949	0.0	1	917 32
71	269	0.0	1	240 29
72	297	0.0	1	278 19
73	398	0.0	1	378 20
74	284	0.0	1	269 15
75	397	0.0	1	373 24
76	537	0.0	1	517 20
77	1466	0.0	1	1390 76
78	2478	0.0	1	2392 86
79	3012	0.0	1	2885 127
80	3147	0.0	1	3061 86
81	3269	0.0	1	3167 102
82	3405	0.0	1	3294 111
83	3302	0.0	1	3182 120
84	3083	0.0	1	2979 104
85	3178	0.0	1	3065 113
86	3118	0.0	1	3005 113
87	3044	0.0	1	2932 112
88	2898	0.0	1	2813 85
89	2818	0.0	1	2705 113
90	2900	0.0	1	2786 114
91	2654	0.0	1	2576 78
92	2613	0.0	1	2533 80
93	2690	0.0	1	2608 82
94	2530	0.0	1	2463 67
95	2360	0.0	1	2288 72
96	2464	0.0	1	2380 84
97	2321	0.0	1	2242 79
98	2390	0.0	1	2326 64
99	2220	0.0	1	2153 67
100	2196	0.0	1	2142 54
101	2132	0.0	1	2069 63
102	2036	0.0	1	1988 48
103	2026	0.0	1	1965 61
104	1919	0.0	1	1848 71
105	1774	0.0	1	1730 44
106	1827	0.0	1	1758 69
107	1775	0.0	1	1727 48
108	1783	0.0	1	1740 43
109	1720	0.0	1	1668 52
110	1731	0.0	1	1686 45
111	1566	0.0	1	1531 35
112	1468	0.0	1	1434 34
113	1550	0.0	1	1516 34
114	1536	0.0	1	1498 38
115	1445	0.0	1	1398 47
116	1349	0.0	1	1309 40
117	1403	0.0	1	1362 41
118	1375	0.0	1	1342 33
119	1218	0.0	1	1195 23
120	1226	0.0	1	1196 30
121	1130	0.0	1	1099 31
122	1110	0.0	1	1085 25
123	1146	0.0	1	1116 30
124	1146	0.0	1	1109 37
125	1063	0.0	1	1032 31
126	1045	0.0	1	1015 30
127	948	0.0	1	925 23
128	945	0.0	1	925 20
129	936	0.0	1	913 23
130	881	0.0	1	858 23
131	913	0.0	1	889 24
132	883	0.0	1	863 20
133	832	0.0	1	799 33
134	847	0.0	1	823 24
135	795	0.0	1	777 18
136	778	0.0	1	765 13
137	752	0.0	1	729 23
138	751	0.0	1	721 30
139	755	0.0	1	719 36
140	706	0.0	1	689 17
141	700	0.0	1	679 21
142	645	0.0	1	624 21
143	594	0.0	1	579 15
144	644	0.0	1	618 26
145	559	0.0	1	547 12
146	594	0.0	1	580 14
147	565	0.0	1	550 15
148	530	0.0	1	515 15
149	500	0.0	1	488 12
150	484	0.0	1	473 11
151	520	0.0	1	499 21
152	457	0.0	1	446 11
153	476	0.0	1	467 9
154	473	0.0	1	457 16
155	456	0.0	1	444 12
156	458	0.0	1	447 11
157	435	0.0	1	424 11
158	411	0.0	1	404 7
159	383	0.0	1	373 10
160	403	0.0	1	388 15
161	395	0.0	1	382 13
162	352	0.0	1	333 19
163	366	0.0	1	354 12
164	342	0.0	1	333 9
165	345	0.0	1	332 13
166	343	0.0	1	334 9
167	334	0.0	1	325 9
168	333	0.0	1	320 13
169	296	0.0	1	288 8
170	308	0.0	1	302 6
171	294	0.0	1	287 7
172	279	0.0	1	263 16
173	293	0.0	1	286 7
174	266	0.0	1	254 12
175	285	0.0	1	281 4
176	260	0.0	1	250 10
177	261	0.0	1	251 10
178	282	0.0	1	270 12
179	263	0.0	1	257 6
180	234	0.0	1	228 6
181	259	0.0	1	249 10
182	222	0.0	1	215 7
183	224	0.0	1	219 5
184	206	0.0	1	195 11
185	210	0.0	1	202 8
186	195	0.0	1	190 5
187	217	0.0	1	209 8
188	185	0.0	1	179 6
189	189	0.0	1	185 4
190	183	0.0	1	177 6
191	226	0.0	1	219 7
192	181	0.0	1	173 8
193	199	0.0	1	192 7
194	208	0.0	1	202 6
195	151	0.0	1	145 6
196	206	0.0	1	201 5
197	169	0.0	1	166 3
198	182	0.0	1	171 11
199	162	0.0	1	161 1
200	198	0.0	1	186 12
201	177	0.0	1	171 6
202	164	0.0	1	161 3
203	169	0.0	1	165 4
204	173	0.0	1	169 4
205	194	0.0	1	192 2
206	161	0.0	1	155 6
207	165	0.0	1	162 3
208	171	0.0	1	163 8
209	200	0.0	1	194 6
210	156	0.0	1	148 8
211	187	0.0	1	185 2
212	140	0.0	1	138 2
213	183	0.0	1	176 7
214	157	0.0	1	154 3
215	158	0.0	1	150 8
216	137	0.0	1	135 2
217	165	0.0	1	160 5
218	160	0.0	1	155 5
219	182	0.0	1	179 3
220	172	0.0	1	165 7
221	162	0.0	1	157 5
222	131	0.0	1	125 6
223	138	0.0	1	135 3
224	123	0.0	1	119 4
225	104	0.0	1	103 1
226	93	0.0	1	92 1
227	93	0.0	1	92 1
228	82	0.0	1	81 1
229	43	0.0	1	43
230	23	0.0	1	22 1
231	13	0.0	1	13
232	18	0.0	1	18
233	15	0.0	1	14 1
234	26	0.0	1	24 2
235	22	0.0	1	21 1
236	16	0.0	1	14 2
237	29	0.0	1	24 5
238	19	0.0	1	17 2
239	24	0.0	1	22 2
240	31	0.0	1	27 4
241	41	0.0	1	41
242	69	0.0	1	69
243	65	0.0	1	62 3
244	29	0.0	1	27 2
245	24	0.0	1	22 2
246	10	0.0	1	9 1
247	12	0.0	1	9 3
248	27	0.0	1	25 2
249	15	0.0	1	13 2
250	35	0.0	1	25 10

RUN STATISTICS FOR INPUT FILE: SRR29654630_2.fastq.gz
=============================================
2221817 sequences processed in total

Total number of sequences analysed for the sequence pair length validation: 2221817

Number of sequence pairs removed because at least one read was shorter than the length cutoff (20 bp): 15214 (0.68%)
